비자코드,상위코드,사증·체류,신청종류,신청상황,대상자,자격요건,절차,수수료,사증유효기간,1회부여 체류기간,체류상한,제한,예외,의무사항,점수표,쿼터,초청자,추천·승인기관,제출서류,예상질문,출처,선행자격,다음단계,동반가족,키워드
A-1,A-1,사증,사증발급,"복수사증협정국가(미국, 일본, 중국, 러시아, 우즈베키스탄 등) 외교관에게는 협정에 따른 복수사증
일시 외교업무 수행자에게는 유효기간 3월 단수사증
UN 및 산하기관 주재 직원과 가족에게 체류기간 91일 이상 단수사증","외국정부의 외교사절단/영사기관 구성원, 조약/국제관행에 따라 외교사절과 동등 특권 면제 받는 자, 그 가족","외국정부의 외교사절단이나 영사기관의 구성원 (대사, 공사, 참사관, 서기관, 총영사, 영사 등)
조약 또는 국제관행에 따라 외교사절과 동등한 특권과 면제를 받는 자 (UN 사무총장, 사무차장, 전문기구 사무국장, 국가원수, 각료, 양원의장, 정부주최 회의 외국정부 대표단 등)
상기자의 가족 (주재 외교관과 세대를 같이 하는 배우자, 자녀, 부모 등)","재외공관 신청, 공관장 재량으로 단수/복수사증 발급",,"단수사증, 복수사증 (협정국 국민) 또는 유효기간 3월",,재임 기간,,,,,,,,"[필수서류]
사증발급신청서 (별지 제17호 서식)
여권, 표준규격사진 1매, 수수료
파견·재직 증명 서류 또는 해당국 외교부장관의 협조공한
동반가족의 경우 가족관계증명서, 출생증명서 등",,A-1 외교 / 사증발급 (p. 7),외국 정부에서 외교사절단·영사기관 구성원으로 파견,"A-2 공무, F-2 거주 (장기체류 변경)",동반가족도 A-1 (배우자·자녀),"외교, 외교관, 공무·외교, 협정"
A-1,A-1,사증,사증발급인정서,"국내 소재 국제기구의 직원, 회의참석자 등에 대한 사증발급인정서 발급",,"국내 소재 국제기구 사무국 직원, 일시방문 국제기구 직원, 가사보조인, 성년자녀 등 체류자격에 관계없이 국제기구에서 초청하려는 자",관할 출입국·외국인청(사무소·출장소)에서 사증발급인정서 발급,,,,,,,,,,,,,,A-1 외교 / 사증발급인정서 (p. 7~9),외국 정부에서 외교사절단·영사기관 구성원으로 파견,"A-2 공무, F-2 거주 (장기체류 변경)",동반가족도 A-1 (배우자·자녀),"외교, 외교관, 공무·외교, 협정"
A-2,A-2,사증,사증발급,"공무(A-2) 체류자격 해당자에 대한 단수사증, UN 및 산하기관 주재 직원과 가족에 대한 체류기간 91일 이상 장기사증",,"외국정부 또는 국제기구의 공무를 수행하는 자: 외교사절단의 사무·기술·노무직원, 영사기관 직원, 대한민국 본부 국제기구 직원, 외국정부/국제기구 한국지사 직원, 한국 정부와 공적 업무로 파견된 자, 한국 정부 또는 국제기구 주최 회의 참가자
상기자의 가족 (동일 세대 구성원)","재외공관 신청, 공관장 재량 단수사증 발급",,단수사증 (UN 및 산하기관 주재 직원 91일 이상 장기사증 가능),,공무수행기간,관용여권 또는 신분증명서 소지 (일반여권은 공무수행자/국제기구 근무자와 그 가족에 한함),,,,,,,"[필수서류]
사증발급신청서 (별지 제17호 서식), 여권, 표준규격사진 1매, 수수료
파견·재직 증명 서류 또는 외교부장관·소속부처 장관의 공한",,A-2 공무 / 사증발급 (p. 10~12),외국 정부 파견 공무원,"A-1 외교, F-2 거주",동반가족도 A-2,"공무, 정부 파견, 공무·외교"
A-3 (A-3-99 Fulbright 협정 대상),A-3,사증,사증발급,"협정(A-3) 체류자격 해당자에 대한 단수사증 발급. Fulbright 협정대상자(A-3-99)에 대한 복수사증 (체류기간·유효기간은 한미교류재단 협조공한 상의 장학금 수혜기간) | Fulbright 협정 A-3-99: 복수사증, 체류기간 및 유효기간은 한미교류재단 협조공한 상의 장학금 수혜기간",,"협정에 의해 외국인등록이 면제 또는 면제할 필요가 있다고 인정되는 자 (SOFA, Fulbright 등)
상기자의 가족",,,"단수사증 (Fulbright A-3-99는 복수사증, 한미교류재단 협조공한 상의 장학금 수혜기간)",,신분존속기간 또는 협정상의 체류기간,,대한민국 정부가 체결한 협정·합의각서에 사증발급 규정이 있을 때 또는 법무부장관이 호혜원칙 등 고려 따로 정할 때 그에 따라 사증발급 (시행규칙 제13조 제1항). 복수사증발급협정 국가 국민이라도 특별 사유 시 단수사증 발급 가능 (시행규칙 제13조 제2항),,,,,,"[필수서류]
사증발급신청서 (별지 제17호 서식), 여권, 표준규격사진 1매, 수수료
파견·재직 증명 서류 또는 외교부장관·소속부처 장관의 공한",,A-3 협정 / 사증발급 (p. 13),SOFA·국제협정 적용 대상자,F-2 거주,동반가족도 A-3,"SOFA, 협정, 미군, Fulbright"
B-1,B-1,사증,무사증입국 / 사증면제,,,대한민국과 사증면제협정을 체결한 국가의 국민으로 협정에 의한 활동을 하려는 자,,,,,협정상의 체류기간,"C-3 단기방문 활동범위 기본, 협정상 제외되는 활동은 불가
국가별 활동 범위 제한:
- 학업·취업 활동 제외: 러시아, 리투아니아
- 학업·영리 활동 제외: 도미니카공화국
- 취업·스포츠·연예활동 제외: 말레이시아
- 영리·취업·의료 활동 제외: 뉴질랜드
- 사업목적 가능: 브라질
- 제한없음: 멕시코, 네덜란드, 룩셈부르크, 벨기에, 핀란드 등","사업목적 가능: 브라질. 제한없음: 멕시코, 수리남, 네덜란드, 룩셈부르크, 벨기에, 에스토니아, 오스트리아, 이탈리아, 핀란드 (취업·영리 제외한 상용·어학연수·의료활동 가능)",,,,,,,,B-1 사증면제 (p. 14~21),사증면제 협정국 국민,자격변경 원칙 불가 (독일·캐나다 등 예외),-,"사증면제, 단기방문, 무비자"
B-2,B-2,사증,무사증입국 / 사증면제,관광·통과 등의 목적으로 대한민국에 사증 없이 입국하려는 자,관광·통과 목적 입국자,"출입국관리법 제7조에 따라 사증 없이 입국할 수 있는 자
재입국허가를 받은 사람 또는 재입국허가가 면제된 사람으로서 그 허가 또는 면제받은 기간이 끝나기 전에 입국하는 사람
대한민국과 사증면제협정을 체결한 국가의 국민으로서 그 협정에 따라 면제대상이 되는 사람
국제친선, 관광 또는 대한민국의 이익 등을 위하여 입국하는 사람으로서 대통령령으로 정하는 바에 따라 따로 입국허가를 받은 사람
난민여행증명서를 발급받고 출국한 후 그 유효기간이 끝나기 전에 입국하는 사람

[표]
무사증입국 허가대상 국가 일람표 (아시아 10국, 북미 2국, 남미 5국, 유럽 11국, 대양주 13국, 아프리카 5국, 외교관용여권만 적용 아시아 2국)

일본 90일, 미국 90일, 캐나다 6개월, 호주 90일
마카오 90일, 홍콩 90일, 타이완 90일, 쿠웨이트 90일
사우디아라비아 30일, 바레인 30일, 브루나이 30일, 오만 30일, 카타르 30일
크로아티아 90일, 슬로베니아 90일, 세르비아 90일, 에콰도르 90일
레바논·인도네시아 30일 (외교관용여권 한정)
예멘 지정취소 2014.7.1., 이집트 지정취소 2018.9.1.",,,,,법무부장관이 따로 정하는 기간,"사증면제협정 또는 관광통과 목적으로 입국한 자에 대하여는 원칙적으로 체류기간 연장이나 체류자격 변경허가를 하지 아니함
체류기간이 협정기간 또는 법무부장관이 따로 정하는 기간을 초과하는 경우에는 반드시 사증을 발급받아 입국하여야 함",,,,,,,,"한국 관광 가는데 비자 안 받고 들어갈 수 있는 나라가 어디예요?
무사증으로 들어갈 때 며칠까지 머물 수 있어요?
무사증으로 들어왔는데 체류기간 더 연장할 수 있나요?",B-2 관광통과 (p. 22~24),관광통과 입국,자격변경 원칙 불가,-,"관광통과, 단기방문"
B-2,B-2,사증,(해당사항 없음 - 발급 제외 안내 행),,,,,,,,,"사증면제(B-1), 관광통과(B-2) 자격은 사증발급인정서 발급 제외대상임",,,,,,,,"무사증으로 입국 가능한 나라 국민도 사증발급인정서 신청할 수 있어요?
관광 목적으로 사증발급인정서 받을 수 있나요?",B-2 관광통과 / 사증발급인정서 (p. 22),관광통과 입국,자격변경 원칙 불가,-,"관광통과, 단기방문"
C-1,C-1,사증,사증발급,"외국언론사에서 단기간 취재·보도활동을 위해 입국하려는 자

일시취재(C-1) 자격 해당자에 대한 체류기간 90일 이하의 단수사증",외국언론사 파견 또는 계약 취재·보도 활동자,"외국의 신문, 방송, 잡지, 기타 보도기관으로부터 파견되어 단기간 취재·보도활동을 하려는 자
외국의 보도기관과의 계약에 의하여 단기간 취재·보도활동을 하려는 자
외국 언론사의 지사 설치 준비를 위해 단기간 활동을 하는 자",,,체류기간 90일 이하 단수사증,"90일
체류기간 90일 이하 단수사증",90일,,지사 설치 후 계속 체류하게 되는 자는 취재(D-5) 자격으로 변경허가 가능,,,,외국 신문·방송·잡지·기타 보도기관,"재외공관의 장은 입국목적, 초청의 진정성, 초청자 및 피초청자의 자격 확인 등을 심사하기 위해 필요한 경우 첨부서류를 일부 가감할 수 있음","[필수서류]
- 사증발급신청서 (별지 제17호 서식)
- 여권
- 표준규격사진 1매
- 수수료
- 소속회사의 파견증명서, 재직증명서 또는 외신보도증","외국 방송국에서 한국 취재하러 보내는데 비자 어떻게 받아요?
외국 언론사 지사 만들러 가는 출장은 어떤 비자예요?
단기 취재 끝나고 계속 활동하려면 비자 변경 가능해요?

단기 취재 비자 신청할 때 어떤 서류 내야 해요?
소속 회사 증명을 어떻게 해야 하나요?
공관에서 서류를 추가로 요구할 수도 있나요?",C-1 일시취재 (p. 25~26),90일 이내 일시취재,D-5 취재 (장기),-,"단기취재, 언론"
C-1,C-1,사증,사증발급인정서,"특정국가 국민에 대한 일시취재(C-1) 사증발급인정서 발급
특정국가 국민은 원칙적으로 법무부장관, 출입국·외국인청(사무소·출장소)장이 발급한 사증발급인정서에 따라 사증 발급
특정국가 거주 무국적자는 특정국가 국민의 사증발급기준에 준하여 처리",,,사증발급인정서를 제출하지 아니한 자에 대하여는 공관장이 사증발급승인을 요청하여 법무부장관의 승인을 받아 사증을 발급할 수 있음,,체류기간 90일 이하,90일,90일,,,,,,,"출입국·외국인청(사무소·출장소)장은 초청의 진정성, 초청자 및 피초청자의 자격 확인 등을 심사하기 위해 첨부서류의 일부를 가감할 수 있음","[필수서류]
- 사증발급인정신청서 (별지 제21호 서식)
- 여권사본
- 표준규격사진 1매
- 소속회사의 파견증명서, 재직증명서 또는 외신보도증

[기타서류]
대리인 신청시: 위임장, 대리인 재직증명서, 대리인 신분증 사본 추가 제출","외국 기자가 한국 단기 취재하러 올 때 사증발급인정서는 어떻게 받아요?
대리인이 신청하려면 어떤 서류가 추가로 필요해요?
인정서 없이 신청하는 경우도 가능한가요?",C-1 일시취재 / 사증발급인정서 (p. 25~26),90일 이내 일시취재,D-5 취재 (장기),-,"단기취재, 언론"
C-3,C-3,사증,사증발급,"시장조사, 업무연락, 상담, 계약 등의 상용활동 또는 관광, 통과, 요양, 친지 방문, 친선경기, 각종 행사·회의, 문화예술, 일반연수, 강습, 종교의식 참석, 학술자료 수집 등 90일 이내 체류 목적자

단기일반(C-3-1) 친선경기·행사·회의 참가자, 정부·기업 기술기능 단기 연마자, 가사보조인 동반 입국 국민, 난민 가족결합 신청자 등","국내에서 개최되는 친선경기, 행사, 회의 참가자 (입상 시 상금 수령 가능한 골프·축구·콩쿠르 등 포함, 단 체재비를 상회하는 보수를 받는 자는 제외)
정부, 기업 등에서 기술·기능을 연마하기 위해 단기간 체류자
국외 생활근거지가 있는 국민이 인도적 사유로 현지 채용 가사보조인과 동반입국 (출산, 수술 간병, 장례 등)
난민법 제37조 인정 난민의 법적 배우자·미성년자녀 가족결합 신청자
순수관광(C-3-2)~일반관광(C-3-9) 제외한 단기방문(C-3) 활동범위 내 목적자","시장조사, 업무연락, 상담, 계약 등의 상용활동
관광, 통과, 요양, 친지 방문, 친선경기, 각종 행사나 회의 참가 또는 참관, 문화예술, 일반연수, 강습, 종교의식 참석, 학술자료 수집, 그 밖에 이와 유사한 목적으로 90일을 넘지 않는 기간 동안 체류하려는 사람

[표]
체류자격 약호 세부 분류

C-3-1 단기일반, C-3-2 단체관광 등, C-3-3 의료관광, C-3-4 일반상용, C-3-5 협정상 단기상용
C-3-6 우대기업초청 단기상용, C-3-7 도착관광, C-3-8 동포방문, C-3-9 일반관광, C-3-10 순수환승",,,"체류기간 90일 이내, 유효기간 3월 단수사증","90일
체류기간 90일 이내, 유효기간 3월 단수사증",90일,"단기방문(C-3) 자격은 영리를 목적으로 하는 사람에게 발급할 수 없음 (일정한 노무, 기술 등을 제공하고 이에 상당한 보수를 받는 취업활동은 발급대상이 아님)
(실질적인 영리활동) 보수성 경비를 국내가 아닌 해외에서 지급받더라도 각종 계약에 의하여 국내 공·사 기관에 파견되어 실질적인 서비스를 제공하거나 사업 수주 등으로 국내 공·사 기관에 파견되어 실질적인 업무를 하는 경우는 단기 체류자격(B1, B2, C3)의 활동범위를 벗어난 것으로 영리행위에 해당

체재비를 초과하지 않는 보수를 받는 경우는 포함하나, 사실상 근로대가로서 보수를 받고 기술·기능을 습득하는 활동은 기술연수(D-3-1) 대상",,,,,,,"[필수서류]
- 사증발급신청서, 여권, 사진, 수수료
- 초청장 등 입국목적(행사, 일반연수 등) 소명 서류 (공관별 지정·운영)","한국에 90일 정도 단기로 가서 일 보려는데 어떤 비자예요?
관광 말고 출장이나 회의 참가도 같은 비자로 받아요?
단기 비자로 일하면서 돈 받아도 되나요?

한국에서 열리는 대회 출전하러 가려면 어떤 서류 내요?
국민이 해외 가사도우미를 데리고 한국 들어올 때 단기 비자 받을 수 있어요?
인정난민의 가족 결합 비자는 어떻게 신청해요?",C-3 단기방문 (p. 27~30),90일 이내 단기방문·관광,자격변경 원칙 불가,동반자 별도 신청,"단기방문, 관광, 의료관광, 단체관광"
C-3 (전자사증),C-3,사증,전자사증,해외 우수인력 및 관광객 유치지원 등을 위한 사증발급 절차 간소화의 일환으로 재외공관 방문 없이 온라인으로 사증을 발급 받을 수 있는 제도,,"전문인력 및 전문인력의 동반가족 (교수 E-1, 연구 E-3, 기술지도 E-4, 전문직업 E-5, 첨단과학기술분야 고용추천서(GOLD CARD)를 발급받은 특정활동 E-7 자격 외국인) 및 그 배우자·미성년 자녀
외국인 환자와 동반가족 및 간병인 (의료관광 우수유치기관 초청)
상용목적 빈번 출입국자 (외국인 지문확인시스템 도입 후 3회 이상 단기방문 자격 입국, 국내 체류 중 불법체류·범법 없음, 국내 기업의 초청)
단체관광객 (재외공관장이 지정한 국외 전담여행사가 사증신청 대행)",비자포털(visa.go.kr) 회원가입 후 온라인 신청. 외국인 본인 또는 초청기업 대리신청 가능. 수수료 납부 후 초청기업 확인 거쳐 본부 최종 전송,,"상용목적 빈번 출입국자: 일반상용(C-3-4) 체류기간 90일 이내, 유효기간 3월 단수사증","상용목적 빈번 출입국자: 일반상용(C-3-4) 체류기간 90일 이내, 유효기간 3월 단수사증",90일 (단기방문 C-3 기본),,,,,,"의료관광: 보건복지부 등록 외국인환자 유치기관 중 의료관광 우수 유치기관으로 지정된 곳에서 초청
빈번출입국: 국내 기업(초청자)의 초청","의료관광 우수유치기관은 매년 9-10월 심사위원회를 통해 법무부 장관이 지정
단체관광객: 재외공관장이 지정(법무부장관 승인)한 국외 전담여행사가 사증신청 대행","[필수서류]
상용목적 빈번 출입국자
- 사증발급신청서, 여권, 사진, 수수료
- 초청장(초청사유와 귀국보장 각서내용 포함)
- 초청자 신분증 사본","한국 전자비자는 어떤 사람이 받을 수 있어요?
의료 치료 받으러 갈 때 온라인으로 비자 신청 가능한가요?
상용 목적으로 자주 가는 사람도 전자비자 신청할 수 있어요?",C-3 단기방문 / 전자사증 (p. 28~29),90일 이내 단기방문·관광,자격변경 원칙 불가,동반자 별도 신청,"단기방문, 관광, 의료관광, 단체관광"
C-3 (C-3-2),C-3,사증,사증발급,"관광, 항만 소규모 무역활동 등을 목적으로 입국하려는 자로 체류기간 경과 시 대행사(여행사)가 책임을 지는 단체사증, 보증개별 사증 대상자",,,,,"체류기간 90일(단체사증은 15일) 이내, 유효기간 3월","체류기간 90일(단체사증은 15일) 이내, 유효기간 3월",,"단체관광객(C-3-2)과 보증개별사증(C-3-2) 소지자에 대해서는 출국할 선박 등이 없거나 귀화신청 등 부득이한 사유(인도적 사유, 항공편 결항, 입국당시 예측 못한 사고·질병 등)가 있는 경우에 한해 기존 지침에 따라 체류기간 연장 또는 자격변경 허용",,,,,대행사(여행사),공관 사정을 고려하여 공관장의 판단하에 추가서류 징구 가능,"[필수서류]
- 사증발급신청서, 여권, 사진, 수수료
- 보증관련 서류","단체 관광으로 한국 가려면 서류 어떻게 내요?
단체관광 비자로 가서 체류 연장은 가능한가요?
단체비자는 며칠까지 머물 수 있어요?",C-3-2 단체관광 등 (p. 30),90일 이내 단기방문·관광,자격변경 원칙 불가,동반자 별도 신청,"단기방문, 관광, 의료관광, 단체관광"
C-3 (C-3-4),C-3,사증,사증발급,"시장조사, 업무연락, 상담, 계약, 소규모 무역 기타 이와 유사한 목적으로 단기간 체류하려는 자

한·인도 사증절차간소화협정 관련 사증발급(C-3-4)
상용방문자(Business visitor): 무역종사, 벤처산업 회사설립 준비 및 사업타당성 조사 방문, 공산품 구입·판매, 그 밖의 사업·투자 관련 활동 수행을 위한 기업인",,"[표]
ABTC 가입국 현황 (18개국)

한국, 일본, 호주, 뉴질랜드, 홍콩, 필리핀, 대만, 태국, 말레이시아, 브루나이, 페루, 칠레, 중국, 인도네시아, 파푸아뉴기니, 싱가포르, 베트남, 멕시코, 러시아",,,"체류기간 90일 이내, 유효기간 3월
상용 5년 복수사증: 지정회사·단체 요청서 제출 상용방문자
상용 3년 복수사증: 자원·에너지 개발·판매 회사 설립준비·협의·계약 위한 입국 상용방문자
상용 1년 복수사증: 자원·에너지 외 회사 국내 지사 설립 준비 또는 수출입 활동 상용방문자","체류기간 90일 이내, 유효기간 3월
체류기간 90일",,"체재비를 초과하지 않는 보수를 받는 경우는 포함하나, 영리를 목적으로 하는 자는 제외
수입기계 등의 설치·유지보수, 조선 및 산업설비의 제작·감독 등을 위한 국내 공·사 기관 파견 활동은 영리행위로 단기 체류자격(B1, B2, C3)의 체류범위를 벗어난 행위이므로 단기취업(C-4) 또는 무역경영(D-9) 사증을 발급","상용 등의 목적으로 활동하는 경제인 카드(APEC Business Travel Card, ABTC) 소지자는 복수사증 소지자와 동일하게 출입국 가능
한국 ABTC 효력: C-3, 90일, 복수사증과 동일",,,,국내 초청회사,,"[필수서류]
- 사증발급신청서, 여권, 사진, 수수료
- 초청장(초청회사의 사업자등록증 또는 등기부등본 사본 포함) 등 상용목적 입증서류

[필수서류]
5년 복수사증
- 인도정부 지정회사·단체(상공회의소, 사업·무역증진협회, 경제단체)의 요청서(a letter of request)
3년 복수사증
- 초청장(사증발급 신청 이유, 입국목적 등 적시)
- 사업자등록증 사본, 재직증명서, 사증신청인 또는 재직회사의 납세증명서
1년 복수사증
- 초청장, 사업자등록증 사본, 재직증명서, 사증신청인 또는 재직회사의 납세증명서

[기타서류]
기타 단기사증 (체류자격 단기방문 C-3-2 또는 C-3-1, 체류기간 90일, 5년 유효복수비자)
관광객 및 가족: 여행 비용 충당 재정능력 입증서류 (2년 소득세신고서 또는 6개월 은행예금 잔고증명서 등); 30세미만 학생은 부모 재정서류 대체 가능
회의·협의·교섭·교환 프로그램 또는 국제기구 행사 참석자: 관련 당국 발행 공식 초청장
국제체육경기 참가자: 경기 주관 기관의 공식 단체 초청장
국내 장기체류자격소지자의 가족구성원·친척: 가족·친척 입증 인도 당국 발행 서류, 장기체류자 외국인등록증 또는 사증 사본","출장 가서 거래처 상담하려면 어떤 비자 받아요?
상용 비자 신청할 때 초청장은 어떻게 받나요?
APEC 비즈니스 카드 있으면 비자 따로 받아야 해요?

인도 기업인이 한국 사업 협상 가려면 어떤 비자 받아요?
인도 관광객 비자는 어떻게 신청하나요?
인도 협정 비자는 몇 년짜리 복수비자로 나와요?","C-3-4 일반상용 + 한·인도 CEPA (p. 30~31, p. 42~44)",90일 이내 단기방문·관광,자격변경 원칙 불가,동반자 별도 신청,"단기방문, 관광, 의료관광, 단체관광"
C-3 (C-3-5),C-3,사증,사증발급,"한·인도 CEPA 대상자: 인도법인 소속으로서 상품·서비스 판매 협상 또는 투자회사 설립 준비 목적 방문자
한·칠레 자유무역협정 대상자: 연구·설계, 제조·생산, 마케팅, 영업, 유통, 사후서비스, 일반서비스 종사자",,,,,"한-인도 CEPA: 체류기간 90일 이내, 유효기간 3개월
한-칠레 FTA: 체류기간 6개월, 유효기간 3개월","한-인도 CEPA: 체류기간 90일 이내, 유효기간 3개월
한-칠레 FTA: 체류기간 6개월, 유효기간 3개월",,,,,,,,,"[공통서류]
- 사증발급신청서, 여권, 사진, 수수료

[필수서류]
한-인도 CEPA 대상자
- 인도 현지 소속 법인의 설립 관련 서류
- 재직기간이 명시된 재직증명서 또는 출장명령서
- 초청장 등 상품·서비스 판매 협상 목적 또는 투자회사 설립 준비 목적 입증서류
한-칠레 FTA 대상자
- 초청장(초청회사의 사업자등록증 또는 등기부등본 사본 포함) 등 상용목적 입증서류","인도에서 사업 협상하러 한국 가려면 어떤 비자예요?
칠레와 자유무역협정으로 한국에 일하러 갈 수 있나요?
협정 비자 받으면 얼마나 머무를 수 있어요?",C-3-5 협정상 일반상용 (p. 31~32),90일 이내 단기방문·관광,자격변경 원칙 불가,동반자 별도 신청,"단기방문, 관광, 의료관광, 단체관광"
C-3 (C-3-9),C-3,사증,사증발급,단체관광 등(C-3-2)에 포함되지 않는 일반 관광객,,,,,"체류기간 90일 이내, 유효기간 3월","체류기간 90일 이내, 유효기간 3월",,,관광객 유치를 위하여 불법체류 가능성이 낮은 경우 동남아 출신 국민에게도 적극적으로 사증발급,,,,,,"[필수서류]
- 사증발급신청서, 여권, 사진, 수수료
- 국내 체류 경비 지불을 위한 재정능력 또는 신분입증서류 (최대 2종, 공관장 지정)

[기타서류]
동남아 출신 학생: 재학사실을 증명할 수 있는 서류(재학증명서 또는 학생증)와 부모의 재정능력 입증서류
인센티브 관광: 주관회사 보증서 제출 시 재정능력 입증서류 생략 가능 (공관장 판단)
복수사증발급대상자: 증명할 수 있는 서류 1종만 징구","개인 관광으로 한국 가려면 어떤 서류 내야 해요?
재정능력 증명 서류는 뭘로 내요?
학생이라면 부모 서류로 대체 가능한가요?",C-3-9 일반관광 (p. 32),90일 이내 단기방문·관광,자격변경 원칙 불가,동반자 별도 신청,"단기방문, 관광, 의료관광, 단체관광"
C-3 (C-3-10),C-3,사증,사증발급,"시리아, 수단, 예멘, 이집트 일반여권 소지자로서 대한민국을 경유하여 제3국으로 여행하려는 자",,,,,"C-3-10 단수사증 (유효기간 3개월, 체류기간 0일)","C-3-10 단수사증 (유효기간 3개월, 체류기간 0일)",,"입국심사 목적 사용 불가
환승구역 내 72시간 동안 임시 체재만 가능",외교·관용여권 소지자는 순수환승(C-3-10) 사증 없이 환승 가능,,,,,,"[필수서류]
- 사증발급신청서, 여권, 사진, 수수료
- 여행계획서 (대한민국 공항·만을 환승공항으로 정한 이유 등) 【서식3】","시리아 일반여권 소지자가 한국 환승으로 들어갈 때 어떤 비자가 필요해요?
환승 비자로 한국에 며칠 머무를 수 있어요?
환승 비자로 입국 심사대 통과해서 시내 나갈 수 있어요?",C-3-10 순수환승 (p. 32~33),90일 이내 단기방문·관광,자격변경 원칙 불가,동반자 별도 신청,"단기방문, 관광, 의료관광, 단체관광"
C-3 (더블사증),C-3,사증,사증발급,단수사증 발급 대상자로 6개월 이내 우리나라를 2회 출입국 하고자 하는 자,,,,"미화 70불 상당 금액
단, 가나 90불, 러시아 90불, 세네갈 120불, 아제르바이잔 120불, 영국 220불, 오스트리아 70불, 이란 90불, 타지키스탄 70불, 키르키즈스탄 80불, 호주 130불, 우즈베키스탄 80불 상당 금액 징수","체류자격 단기일반(C-3-1~C-3-6), 체류기간 30일, 유효기간 6개월","체류자격 단기일반(C-3-1~C-3-6), 체류기간 30일, 유효기간 6개월",,,,,,,,,"[필수서류]
- 입국목적 입증자료 (단수사증과 동일)","6개월 안에 한국을 두 번 다녀와야 하는데 어떤 비자 받아요?
2회 입국 비자 수수료는 얼마예요?
더블 비자로 한 번에 얼마나 머무를 수 있어요?",C-3 단기방문 / 더블사증 (p. 33),90일 이내 단기방문·관광,자격변경 원칙 불가,동반자 별도 신청,"단기방문, 관광, 의료관광, 단체관광"
C-3 (복수사증),C-3,사증,사증발급,"중국 국민(C-3-1~C-3-9. 단 C-3-2 제외) 복수사증 발급 대상자

한·몽골 사증발급 간소화 협정대상자 (C-3-1~C-3-9) 복수사증 대상자

동남아국가 국민 복수사증 발급(C-3-1~C-3-9, 단 C-3-2 제외)
대상국가: 미얀마, 캄보디아, 스리랑카, 인도네시아, 라오스, 네팔, 파키스탄, 필리핀, 베트남, 인도, 방글라데시

자원외교국가 국민 복수사증 발급(C-3-1 또는 C-3-4)
대상국가: 러시아, 요르단, 투르크메니스탄, 우즈베키스탄, 카자흐스탄, 알제리, 아제르바이잔, 볼리비아, 에콰도르, 베네수엘라, 앙골라, 나이지리아, 콩고, 리비아, 우크라이나, 벨라루스, 조지아",,"유효기간 5년(체류기간 90일) 대상
대학(전문대 포함) 강사 등 교원 및 초·중·고교 교사 (조교수 이상은 10년 복수사증)
공관장이 인정한 유명 예술가, 연예인 및 운동선수
중국인 단체 관광객 인솔 여행사의 가이드로 3회 이상 입국 사실 있는 자
우리나라 방문경력 있는 자 (무사증·상륙허가 제외, 의료관광 진료비 200만원 초과 시 인정)
연간 교역액 미화 3만 불 이상 사기업의 관리자 이상 또는 2년 이상 정규 직원
부동산·금융재산·사업체 등 개인재산 200만 위안 이상 보유자
국내 취항 항공사·선사 임직원
국제신용카드 우수고객, 즈마신용점수 780점 이상, 유니온페이 프리미엄카드 소지자
월 5,000위안 이상 소득자
17세 미만 55세 이상자
우리나라 이외 4년제 대학 재학생·졸업생 (전자인증 학력인증서 제출)
국내 콘도미니엄 회원권(3,000만원 이상) 구매자
5년 복수사증 소지자의 배우자·미성년 자녀·부모 및 배우자의 부모
유효기간 10년(체류기간 90일) 대상
의사·변호사·교수·공사기업 대표 등 전문직업인 (사기업 자본금 50억 이상)
국내 4년제 대학 학사 이상 또는 해외 석사학위 이상 소지자
중국 공무원 또는 공무보통여권 소지자
100만불 이상 우리나라 투자기업 임직원
중국기업연합회 선정 500대 기업 과장급 이상 또는 6개월 이상 재직자
베이징·상하이·광저우·선전·쑤저우·샤먼·톈진·난징·항저우·닝보·우한·창사·칭다오·충칭 호구자 (C-3-91)
OECD 22개국 방문사증 소지 및 방문 경력자

우리나라 방문경력 있는 자 (무사증·상륙허가 제외)
공무원 또는 국영기업체 임직원(과장급 이상)
대한민국 취항 정기 항공사·선사 임직원(과장급 이상)
국제신용카드 우수고객
자원·에너지 개발·판매 등을 위한 기업 설치, 국내 공사기관 초청 상담·계약 활동자
국적취득자의 부모·자녀, 국민의 배우자 또는 정상적 혼인 1년 이상 국민의 배우자의 부모·미성년 자녀
단기방문(C-3) 복수비자 소지자의 배우자 및 미성년 자녀
의사·변호사·교수 등 전문직 종사자
공관장 인정 언론기관 1년 이상 재직자(기자·PD·편집인 등)
연간 납세실적 5억 투그릭 이상 기업 또는 납세실적 100대 우수기업 과장급 이상 1년 이상 재직자
대한민국 전문학사 이상 또는 해외 석사학위 이상 소지자
최근 6개월 사회보험 월평균 급여가 도시근로자 월평균임금 2배 이상 (공관장 인정)
유명 예술가·연예인·운동선수 (공관장 인정)
개인 자산 5억 투그릭 이상 보유자
배우자나 직계혈족이 1년 이상 장기체류 중인 자
OECD 22개국 방문사증 소지 및 방문 경력자

유효기간 5년(체류기간 30일) 대상
우리나라 방문경력 있는 자
공무원, 국영기업체, 대한민국 취항 정기 항공사·선사 임직원
연간 미화 8천 달러 이상 소득자 또는 국제신용카드 우수고객
자원·에너지 개발·판매 회사 설치, 국내 공사기관 초청 상담·계약 활동자
정부·공공기관 초청 국제행사·국제회의 참가자 및 주요인사
기업체 대표, 상장회사 관리직 직원(1년 이상)
기자·PD·편집인 등 언론기관 종사자(1년 이상)
대학 강사 등 교원, 초·중·고교 교사(조교수 이상은 10년 복수사증), 공관장 인정 유력인사·예술가·운동가·작가·연예인
퇴직 후 연금수령 55세 이상자
국내 전문대학 졸업자
5년 복수사증 소지자의 배우자 및 미성년 자녀·부모·배우자의 부모
개인재산 20만불 이상 보유자
65세 이상자
유효기간 10년(체류기간 90일) 대상
의사·변호사·회계사·교수·공사기업 대표 등 전문직업인 (사기업 자본금 50억 이상)
대한민국 4년제 대학 학사 이상 또는 해외 석사학위 이상 소지자
중앙부처 과장급 이상 공무원 및 그 가족
현직 국회의원
OECD 22개국 방문사증 소지 및 방문 경력자
베트남 하노이, 호치민, 다낭 호구자
100만불 이상 투자기업 3년 이상 근무 정규직원
베트남·필리핀·인도네시아 100대 기업 및 캄보디아·미얀마·라오스 30대 기업 과장급 이상 직원
10년 복수사증 소지자의 배우자·미성년 자녀·부모·배우자의 부모

공무원 또는 국영기업체 임직원
대한민국 취항 정기 항공사·선사 임직원
국제신용카드 우수고객
최근 2년 이내 한국을 4회 이상 또는 통산 5회 이상 방문자
러시아는 한-러 단기 방문사증 발급 간소화 협정에 따라 최근 1년 이내 1회 이상 입국자도 대상
자원·에너지 개발·판매 등을 위한 기업 설치, 국내 공사기관 초청 상담·계약 활동자
단기방문(C-3-1, C-3-4, C-3-9) 복수사증 소지자의 배우자 및 미성년 자녀 (종전 C-2+C-3 복수 소지자 포함)
의사·변호사·교수 등 전문직 종사자
공관장 인정 언론기관 1년 이상 재직자
납세실적 100대 우수기업 과장급 이상 1년 이상 재직자
대한민국 4년제 대학 학사 이상 또는 해외 석사학위 이상 소지자

[표]
OECD 방문사증 인정 22개국

오스트리아, 벨기에, 덴마크, 프랑스, 독일, 그리스, 아이슬란드, 아일랜드, 이탈리아, 룩셈부르크, 네덜란드, 뉴질랜드, 노르웨이, 포르투갈, 스페인, 스웨덴, 스위스, 영국, 미국, 캐나다, 호주, 핀란드","연령, 출입국기록 등 여권 또는 자체 전산조회로 심사 가능한 경우 추가 서류 징구 자제
신분·학력·도시지역 호구 등 사증 신청 시 관련 확인서류 외 재정능력 입증서류 징구 자제",,"단기방문(C-3-2, C-3-10 제외), 체류기간 90일, 유효기간 5년 또는 10년
단기방문(C-3-1~C-3-9), 체류기간 90일, 유효기간 3년 복수비자
유효기간 3년 복수사증 발급 후 과거 체류실태가 건전한 자는 체류기간 90일, 유효기간 5년 부여
5년 복수사증: 단기방문(C-3-2, C-3-10 제외), 체류기간 30일
10년 복수사증: 단기방문(C-3-2, C-3-10 제외), 체류기간 90일 이내
단기방문(C-3-1~C-3-9. 단 C-3-2 제외), 유효기간 1년, 체류기간 30일","단기방문(C-3-2, C-3-10 제외), 체류기간 90일, 유효기간 5년 또는 10년
단기방문(C-3-1~C-3-9), 체류기간 90일, 유효기간 3년 복수비자
유효기간 3년 복수사증 발급 후 과거 체류실태가 건전한 자는 체류기간 90일, 유효기간 5년 부여
5년 복수사증: 단기방문(C-3-2, C-3-10 제외), 체류기간 30일
10년 복수사증: 단기방문(C-3-2, C-3-10 제외), 체류기간 90일 이내
단기방문(C-3-1~C-3-9. 단 C-3-2 제외), 유효기간 1년, 체류기간 30일","일반관광(C-3-9)은 신분 확실하거나 불법취업 가능성이 없으면 90일, 그 밖은 30일 이내
일반상용·관광 목적 신청 시에는 30일 이내로 발급하는 등 탄력적 부여",,,,,,,,"[공통서류]
- 사증발급신청서, 여권, 사진, 수수료

[필수서류]
추가서류 (재정능력 또는 신분 입증서류 예시, 최대 2종)
- 재직증명서, 최근 6개월 신용카드 사용내역서, 사회보험 가입증명서, 납세증명서, 대학졸업증명서, 영주권 등 영주·장기체류자 입증서류, 특정단체 초청장, 연금수령 입증서류, 관리자 또는 정규직원 재직증명서, 아국과의 교역 내역 자료 등

[필수서류]
- 사증발급신청서, 여권, 사진, 수수료
- 별첨 제출서류 참고 (공관 실정에 맞게 지정 운영)

[필수서류]
- 첨부서류 참고 (공관별 실정에 맞게 제출서류 지정 운영)

[공통서류]
- 사증발급신청서, 여권, 사진, 수수료

[필수서류]
- 별첨2 제출서류 참고 (공관별 실정에 맞게 지정 운영)","중국 국민이 5년 복수비자 받으려면 어떤 조건이어야 해요?
중국 교수나 의사면 어떤 비자 받을 수 있어요?
중국에서 OECD 국가 방문 경력이 있으면 비자 받기 쉬워져요?

몽골 국민이 한국에 방문 경력이 있으면 복수비자 받을 수 있어요?
몽골 공무원이나 교수면 어떤 비자 발급되나요?
몽골 가족 비자는 어떻게 받아요?

베트남 사람이 한국 복수비자 받으려면 어떤 조건이어야 해요?
동남아 전문직 종사자가 받을 수 있는 10년 비자는 어떤 거예요?
동남아 100대 기업 임원이면 비자 더 쉽게 받나요?

러시아나 우즈베키스탄 국민이 한국 복수비자 받으려면 어떻게 해야 해요?
자원외교 대상국 국민이 받는 비자는 얼마짜리예요?
여러 번 방문한 적이 있어야 받을 수 있어요?","C-3 복수사증 (중국·몽골·동남아·자원외교 등, p. 33~41)",90일 이내 단기방문·관광,자격변경 원칙 불가,동반자 별도 신청,"단기방문, 관광, 의료관광, 단체관광"
C-3 (C-3-1),C-3,사증,사증발급,"결혼이민자 및 대한민국 국적취득자의 가족에 대한 특례(C-3-1)

빈번출입국자에 대한 복수사증 발급
최근 2년 이내 4회 이상 또는 통산 10회 이상 대한민국 출입국 사실이 있는 자 (최근 2년 이내 출입국기록 1회 이상 반드시 포함)",,"외국국적을 소지한 국민의 배우자 (단, 결혼동거 목적 신청은 발급대상 제외)
대한민국 국민과 결혼하여 양국에 혼인신고를 마치고 1년 이상 정상적인 혼인관계를 유지하고 있는 자의 부모 및 미성년 자녀
대한민국 국적을 취득한 자의 부모 및 자녀 (결혼이민자 불문)

출입국기록 횟수 산입: 입국 및 출국 각 1회를 출입국기록 1회로 함
무사증 출입국기록(제주무사증, 무사증환승 포함) 및 등록외국인 재입국기록 포함","관할 대한민국 재외공관에 신청
매번 체류기간 소진 및 연장 등 체류행태가 의심되면 추가 소명자료 징구 정밀심사, 미소명 시 발급 불허",수수료 면제,"체류자격 단기일반(C-3-1), 체류기간 90일, 유효기간 5년 복수사증
단기일반(C-3-1) 유효기간 5년 이내, 체류기간 30일","체류자격 단기일반(C-3-1), 체류기간 90일, 유효기간 5년 복수사증
단기일반(C-3-1) 유효기간 5년 이내, 체류기간 30일",,"국민의 배우자가 결혼동거 목적으로 신청할 경우 발급대상 제외

신청 제외
- 무사증 입국불허국가 중 중국, 특정국가, 마케도니아, 코소보, 시리아 국가 국민
- 사증신청일 기준 3년 이내 불법체류 등 국내법 위반으로 500만 원 이상 통고처분이나 출국명령강제퇴거 명령 처분 받은 자
산입에서 제외되는 출입국 기록
- 비전문취업(E-9), 선원취업(E-10), 계절근로자(C-4) 등 단순노무 자격, 선원자격, 상륙허가 등으로 출입국한 기록",,,,,,,"[필수서류]
- 사증발급신청서, 여권 사본
- 가족관계를 입증할 수 있는 서류

[필수서류]
- 사증발급신청서, 여권, 사진
- 수수료 면제","한국 국민의 배우자 부모가 단기로 한국 가려면 어떤 비자 받아요?
한국 국적 취득한 사람의 부모도 비자 면제 혜택 있나요?
결혼이민자 가족 단기 비자는 얼마짜리예요?

한국을 자주 다녔는데 비자 자주 안 받게 하는 제도 있어요?
빈번출입국자 복수비자는 수수료가 얼마예요?
어떤 사람은 자주 갔어도 신청할 수 없나요?",C-3-1 결혼이민자 및 국적취득자 가족 특례 + 빈번출입국자 복수사증 (p. 41~42),90일 이내 단기방문·관광,자격변경 원칙 불가,동반자 별도 신청,"단기방문, 관광, 의료관광, 단체관광"
C-3 (C-3-8),C-3,사증,사증발급,"중국동포에 대한 복수사증발급(C-3-8)
재외동포의 출입국과 법적지위에 관한 법률 제2조제2호 외국국적동포로서 60세 이하인 자

모국을 방문하고자 하는 외국국적동포에 대한 동포방문(C-3-8) 사증

외국국적동포 동포방문(C-3-8) 사증 신청",외국국적동포,재외동포의 출입국과 법적 지위에 관한 법률 제2조제2호에 해당되는 외국국적동포,"국가, 출생지, 호구부 관할에 관계없이 사증발급 신청 가능",,"5년 유효한 동포방문(C-3-8, 090) 복수사증
5년 유효 동포방문(C-3-8, 090일) 복수사증
5년 유효 복수사증, 1회 체류기간 90일","5년 유효 복수사증, 1회 체류기간 90일",,"국내에서 특정강력범죄처벌법 제2조 특정강력범죄 중 제1항 제1호~제6호 범죄, 마약, 보이스피싱, 상습음주운전(3회 이상) 형 선고자
기타 범죄로 금고 이상 형 선고자는 입국규제 여부와 관계없이 실질심사로 사증발급 제한 가능",,,,,,"범죄경력증명: 해당 국가의 권한 있는 기관이 발급한 3개월 이내 공적문서로 자국 내의 모든 범죄 경력 포함 (시스템 미흡 시 거주지 내무기관 증명서 대체 가능, 6개월 이상 해외 거주 시 거주국 범죄경력 포함)
호구지 관할에 관계없이 사증발급 가능","[필수서류]
- 사증발급신청서, 여권 사본
- 외국국적동포임을 입증하는 국적국의 공적서류(거민증, 호구부 등)
- 해외범죄경력증명 (14세 이상 외국국적동포로서 동포방문(C-3-8) 사증 신청자)

[기타서류]
제출면제대상
- 60세 이상인 사람
- 13세 이하인 사람(형사 미성년자)
- 국가유공자(독립유공자)와 그 유족
- 특별공로(국익증진) 동포

[공통서류]
- 사증발급신청서(별지 제17호 서식), 여권 및 사본, 표준규격사진 1매, 수수료
- 외국국적동포임을 입증하는 국적국의 공적서류","중국 동포가 한국 방문 비자 받으려면 어떤 서류 내요?
중국 동포 비자는 얼마짜리예요?
14세 미만 동포는 범죄경력증명서 안 내도 되나요?

한국 동포인데 모국을 방문하려면 어떤 비자가 필요해요?
동포방문 비자는 한 번 받으면 얼마나 쓸 수 있나요?
범죄 기록이 있어도 동포방문 비자 받을 수 있나요?

동포방문 비자 받으려면 어떤 서류를 준비해요?
외국국적동포임을 어떻게 증명해요?
국적국 공적서류는 어떤 게 인정되나요?",C-3-8 중국동포 복수사증 (p. 42),90일 이내 단기방문·관광,자격변경 원칙 불가,동반자 별도 신청,"단기방문, 관광, 의료관광, 단체관광"
C-3 (C-3-1),C-3,사증,사증발급인정서,"관광·휴양시설 투자이민자에 대한 복수사증 발급(C-3-1)
투자시설에 기준금액 이상을 투자한 외국인 및 법인의 임원, 주주와 그 동반가족(부모, 배우자, 자녀, 배우자의 부모)으로서 외국인 등록을 하지 않고 수시 방문하고자 하는 사람

공익사업 투자외국인 및 동반가족(C-3-1)
공익사업 투자이민 펀드에 투자한 외국인(은퇴투자이민자) 및 법인의 임원, 주주와 그 동반가족(부모, 배우자, 자녀, 배우자의 부모)으로서 외국인등록을 하지 않고 수시 방문하고자 하는 사람",,"기준금액 이상이 본인의 해외자본으로 투자되었음을 입증
투자 완료 경우에 한하며, 투자 예정·진행 중은 제외

결격사유 (아래 어느 하나에 해당되지 아니하여야 함)
- 금고 이상 실형 선고 후 집행 종료·면제일로부터 5년 미경과
- 금고 이상 형 집행유예 선고 판결확정일로부터 5년 미경과
- 300만 원 이상 벌금형 납부일로부터 3년 미경과
- 강제퇴거명령 출국일로부터 7년 또는 출국명령 출국일로부터 5년 미경과
- 신청일 기준 3년 이내 출입국관리법 위반 범칙금자로 체류허가 제한사유 있는 경우
- 입국금지 사유 또는 안전보장·질서유지·공공복리·이익 침해 우려
- 허위 서류 제출
- 투자시설에 매도·임대·담보·압류 등이 이루어지거나 수익 목적 활용

기준금액 이상이 본인의 해외자본으로 투자되었음을 입증
투자 완료 경우에 한함

결격사유 (아래 어느 하나에 해당되지 아니하여야 함)
- 금고 이상 실형 선고 후 집행 종료·면제일로부터 5년 미경과
- 금고 이상 형 집행유예 선고 판결확정일로부터 5년 미경과
- 300만 원 이상 벌금형 납부일로부터 3년 미경과
- 강제퇴거명령 출국일로부터 7년 또는 출국명령 출국일로부터 5년 미경과
- 신청일 기준 3년 이내 출입국관리법 위반 범칙금자로 체류허가 제한사유 있는 경우
- 입국금지 사유 또는 안전보장·질서유지·공공복리·이익 침해 우려
- 허위 서류 제출","투자시설 소재지(투자시설이 2곳 이상인 경우 투자금액이 많은 지역) 관할 출입국·외국인청(사무소·출장소)에 신청

원금보장·무이자형 투자 외국인: 서울출입국·외국인청 세종로 출장소 또는 제주출입국·외국인청(제주도 체류자에 한함)
손익발생형 투자 외국인: 해당 개발사업자가 등록된 청(사무소·출장소)",,"체류자격 단기일반(C-3-1), 체류기간 90일, 유효기간 3년 복수사증
체류자격 단기일반(C-3-1), 체류기간 90일, 유효기간 3년 복수사증의 사증발급인정서","체류자격 단기일반(C-3-1), 체류기간 90일, 유효기간 3년 복수사증
체류자격 단기일반(C-3-1), 체류기간 90일, 유효기간 3년 복수사증의 사증발급인정서",,,,,,,,"영주(F-5) 자격 취득을 위해서는 우선 거주(F-2)자격 변경과 외국인 등록 필요

영주(F-5) 체류자격 변경을 위해서는 거주(F-2) 체류자격 변경과 외국인 등록 필요","[필수서류]
- 사증발급인정신청서, 여권 사본
- 부동산 매매계약서, 부동산 등기부등본
- 국내 외국환은행에서 발행한 국제송금 전신문, 외국환매입증명서 등 (신용카드 결제 시 결제정보 확인서, 신용카드 매출전표 사본, 분양회사 입금영수증, 카드 사본 등)
- 가족관계 증명서 (배우자, 미혼 자녀 송금 또는 동반 신청 시)

[필수서류]
- 신청서, 여권사본, 수수료
- 투자금 납입 증명 서류 (투자 유치기관 장의 직인 날인 투자 확인서, 계좌이체 내역서 등)
- 공익투자 전담은행에서 발행한 국제송금 전신문, 외국환매입증명서 등
- 가족관계 증명서 (투자자 배우자·미성년 자녀 송금 또는 부모 등 가족 신청 시)
- 투자 법인의 현직 임원 또는 과점주주(F-2 자격변경허가 기준) 입증서류 및 당사자 명단 명시된 해당 법인의 공문
- 국외에서 투자자 명의로 법인에 투자금을 송금·지불 입증서류 (법인의 임원·주주 해당자)","한국 휴양시설에 투자한 외국인이 받는 복수비자는 어떤 거예요?
투자이민 비자 신청 시 어떤 서류 내요?
투자 비자 받았는데 영주권 받으려면 어떻게 해요?

공익사업에 투자한 은퇴 외국인은 어떤 비자 받아요?
공익투자 비자 신청은 어디서 해요?
공익투자 비자 받아도 가족도 같이 올 수 있어요?",C-3-1 관광·휴양시설 투자이민자 + 공익사업 투자외국인 (p. 46~48),90일 이내 단기방문·관광,자격변경 원칙 불가,동반자 별도 신청,"단기방문, 관광, 의료관광, 단체관광"
C-3 (C-3-3),C-3,사증,사증발급인정서,"의료관광 유치기관의 초청으로 국내 의료기관에서 진료 또는 요양할 목적으로 입국하고자 하는 외국인 환자
의료관광 유치기관: 의료법에 따라 보건복지부 장관에게 외국인환자 유치 의료기관 또는 외국인환자 유치업자로 등록을 마친 자
외국인 환자의 간병 등을 위해 동반입국이 필요한 배우자 등 동반가족(외국인 환자의 배우자, 직계가족, 형제, 자매)","외국인 환자
환자송출계약국가 국비지원 대상자 또는 의료관광 우수 유치기관 전자비자 초청자는 4촌 이내 방계가족까지 허용","의료법상 외국인 환자 유치 의료기관 또는 유치업자로 등록한 자가 온라인(visa.go.kr)으로 사증발급인정서를 신청하는 경우에만 허용 ('12. 1. 1. 시행)

[표]
21개국 단수사증 또는 더블사증 제한

중국, 필리핀, 인도네시아, 방글라데시, 베트남, 몽골, 태국, 파키스탄, 스리랑카, 인도, 미얀마, 네팔, 이란, 우즈베키스탄, 카자흐스탄, 키르키즈스탄, 우크라이나, 나이지리아, 가나, 이집트, 페루",,,"치료 및 여행기간 90일 이하 단기: 체류자격 C-3-3, 체류기간 90일 이내, 사증유효기간 단수 3월, 더블 6월, 복수 5년 이내
치료 및 여행기간 91일 이상 장기: 체류자격 G-1-10, 체류기간 1년 이내의 복수사증","치료 및 여행기간 90일 이하 단기: 체류자격 C-3-3, 체류기간 90일 이내, 사증유효기간 단수 3월, 더블 6월, 복수 5년 이내
치료 및 여행기간 91일 이상 장기: 체류자격 G-1-10, 체류기간 1년 이내의 복수사증",,"21개 국가(중국, 필리핀, 인도네시아, 방글라데시, 베트남, 몽골, 태국, 파키스탄, 스리랑카, 인도, 미얀마, 네팔, 이란, 우즈베키스탄, 카자흐스탄, 키르키즈스탄, 우크라이나, 나이지리아, 가나, 이집트, 페루) 국민에게 C-3-3 발급 시 체류기간 90일 단수사증 또는 더블사증으로 발급
베트남의 경우 '16.4.1.부터 사증발급인정서 및 전자사증 발급 제한",,,,,의료관광 유치기관 (보건복지부 등록 의료기관 또는 유치업자),배우자 또는 동반가족 등에 대해서는 외국인 환자와 동일한 내용의 사증 또는 사증발급인정서 발급,"[필수서류]
- 사증발급인정신청서(별지 제21호 서식), 여권사본, 표준규격사진 1매
- 의료기관에서 발급한 의료목적 입증서류
- 치료 및 체류비용 조달 능력을 입증할 수 있는 서류 (우수 유치기관 초청 시 생략 가능)
- 사업자등록증 사본 및 유치기관 등록증 사본 (회원가입자는 기존 서류 제출로 대체)
- 가족관계 입증서류 (결혼증명서·가족관계기록사항에 관한 증명서 또는 출생증명서 등; 동반입국 배우자·동반가족에 한함)","한국 병원에서 치료받으러 가는데 어떤 비자가 필요해요?
의료관광 비자 신청할 때 동반 가족도 같이 받을 수 있나요?
의료비자 신청서류는 뭐가 있어요?",C-3-3 의료관광 유치기관 초청 (p. 49~50),90일 이내 단기방문·관광,자격변경 원칙 불가,동반자 별도 신청,"단기방문, 관광, 의료관광, 단체관광"
C-3 (C-3-6),C-3,사증,사증발급인정서,"외국인 초청절차 우대기업의 초청을 받은 자(C-3-6)
대한민국 비자포털(www.visa.go.kr)을 통해 우대기업으로 선정된 기업·단체로부터 초청을 받은 자",비자포털 우대기업으로 선정된 기업·단체로부터 초청을 받은 자,"우대기업으로 선정되려면 중소벤처기업부장관, 중소기업중앙회장, 한국무역협회장의 추천을 받은 기업·단체이어야 함
기 선정된 우대기업만 대상으로 함(우대기업 선정 종료)",비자포털(www.visa.go.kr)을 통해 우대기업 선정 → 우대기업 초청장 발행 → 사증발급인정서 신청·발급 → 재외공관 사증발급 신청·입국,,유효기간 1년 (복수사증),90일,단기방문(C-3) 자격 일반 상한 90일 준용,,,,,,우대기업으로 선정된 기업·단체,"중소벤처기업부장관, 중소기업중앙회장, 한국무역협회장 추천","[필수서류]
- 사증발급인정신청서(별지 제21호서식), 여권, 표준규격사진
- 재직증명서
- 우대기업 발행 초청장","우대기업 초청으로 한국 출장 가려면 어떤 비자 받아요?
우대기업 초청 비자 신청은 어떻게 해요?
우대기업 초청 비자는 얼마나 자주 사용할 수 있어요?",p.50 (표 p.27),(해당없음),자격변경 불가(단기방문 일반),(해당없음/별도 단기방문 신청),"단기방문, 우대기업, 단기상용, 비자포털"
C-4,C-4,사증,사증발급,수익을 목적으로 단기간 취업활동을 하려는 자,수익을 목적으로 단기간 취업활동을 하려는 자(계절근로 또는 단기 흥행·강의·연구·파견·첨단기술 등),"계절근로 단기취업(C-4-1~4): 해당자는 계절근로(E-8) 자격 참조
계절근로외 단기취업(C-4-5):
- 일시흥행 활동, 광고·패션활동 (해당자는 예술흥행 E-6 자격 참조)
- 강의·강연 (수익이 따르는 계약에 의하여 국내 공·사기관 등으로부터 초청되어 단기간 강연·강의 활동)
- 연구·기술지도 (연구 E-3, 기술지도 E-4 자격 참조)
- 공·사기관과의 계약에 의한 직업 활동 (특정활동 E-7 자격 참조)
- 수입기계 설치·보수, 조선·산업설비 제작·감독 등 용역제공/구매계약/사업수주 계약 등에 의해 파견되어 국내 공·사기관으로부터 체재비 등 보수성 경비를 지급받고 근무하는 자 (해외에서 지급받더라도 국내에서 실질적인 서비스·업무 수행 시 포함)
- 정보기술 등 첨단기술 분야 (IT, e-business, BT, NT, 신소재(금속·세라믹·화학), 수송기계, 디지털전자, 환경·에너지, 기술경영 분야)",재외공관 사증발급 신청(공관장 재량 카테고리) 또는 사증발급인정서 신청·발급(계절근로/특정국가) → 사증발급 신청·발급 → 입국,,(공관장 재량 - 발급 카테고리별 상이; 일반 90일 이하),90일,90일 (1회 부여 체류기간의 상한),"수익이 따르지 않는 강의·강연은 단기방문(C-3)에 해당
단순노무 직종은 단기취업(C-4-5) 자격에 해당되지 않음",,,,,국내 공·사기관,,"(상위 C-4 일반표는 별도 제출서류 통합 정의 없음. 세부 6개 카테고리별로 별지17호 사증발급신청서, 여권, 사진, 수수료 + 케이스별 추가서류)","한국에 90일 정도 짧게 일하러 가려면 어떤 비자예요?
수익 있는 강의를 단기로 하려면 어떤 비자가 맞아요?
단순노무자도 이 비자로 일할 수 있어요?",p.51~52,90일 이내 단기취업·계절근로,"E-7, E-8 (장기)",-,"단기취업, 일시흥행, 계절근로"
C-4 (C-4-5),C-4,사증,사증발급,"국내기업의 정보기술(IT), 전자상거래(e-business), 생물산업(BT), 나노기술(NT), 신소재(금속·세라믹·화학), 수송기계, 디지털전자 및 환경·에너지, 기술경영 분야에 종사하고자 하는 자

수입기계 등의 설치·보수, 조선 및 산업설비 제작·감독 등 각종 용역제공계약, 구매계약, 사업수주 계약 등에 의해 국내에 파견되어 국내 공·사기관으로부터 체재비 등 보수성 경비를 지급받고 근무하고자 하는 자 (해외에서 지급받더라도 실질적인 서비스·업무 수행자 포함)

영어캠프 등에서 90일 이하 회화지도 활동을 하는 자

체류기간 90일 이하의 단기간 동안 국내에서 수익을 목적으로 하는 일시흥행, 광고·패션모델 등의 취업활동을 하는 자
상금과는 별개로 체재비를 상회하는 보수 또는 수당 등을 받거나 받기로 하고 운동경기, 바둑시합, 가요 경연 등에 참가하는 사람 (작품 판매 수익 발생하는 전시회 참가 미술가 포함)

교수(E-1) 또는 특정활동(E-7) 자격 대상자로서 수익이 따르는 계약 등에 따라 90일 이하 강의·강연·연구활동을 하는 자 (대학교원 또는 관련분야 전문가 등)
전문대학 이상의 교육기관 등에서 통상의 체재비를 초과하는 수익이 발생하는 계약에 따라 90일 이하 단기간 강의, 연구 등의 활동을 하는 초빙교수 등

상기 이외의 단기취업(C-4-5) 자격 해당자",(1) 첨단기술 분야 종사 외국인 (2) 수입기계 설치·보수 등 파견 근무자 (3) 영어캠프 회화지도자 (4) 일시흥행·광고·패션·운동경기 참가자 (5) 교수·E-7 자격 단기 강의·연구자 (6) 기타 C-4-5 해당자,소관부처 장관의 고용추천이 있어야 함,재외공관 사증발급 신청(공관장 재량),,첨단기술·강의·연구·파견: 체류기간 90일 이하 복수사증 / 영어캠프·일시흥행·기타 C-4-5: 체류기간 90일 이하 단수사증,90일 이하,90일,"평생교육시설이 등록(신고)된 위치를 벗어난 시설에서 캠프 운영하기 위해 외국인강사를 초청(채용)하는 경우 사증발급 불허
(학원법 제14조 위반, 제2조의 2에 따라 초중등학생 대상 교습 시 학교교과교습학원 등록 없이 교습은 학원법 제6조 위반)","공익목적 초청에 의한 1회성 강의·강연·자문활동은 단기취업(C-4-5) 비자 면제 가능 (단기 체류자격 C-3, B-1, B-2 소지자도 활동 가능)
면제 조건:
- 초청자가 정부(지자체 포함), 대학, 정부출연기관 등 비영리기관이 학술 또는 공익 목적으로 초청
- 사기업 등 영리목적 초청은 C-4-5 발급 대상
- 강연·강의·자문 활동 가능한 국내 기관은 체류기간 중 5개 이하
- 활동기간은 7일 이하",,,,"국내기업

국내 공·사기관 (파견 받는 기관)

평생교육시설 등

공연주최자, 호텔·유흥업소, 광고대행사, 대중문화예술기획업체 등

전문대학 이상의 교육기관, 정부·지자체·정부출연기관 등 비영리기관","소관부처(산하단체) 고용추천서 필요

영상물등급위원회 공연추천서
소관 중앙행정기관장의 고용추천서 또는 고용 필요성 입증

소관행정기관의 장의 고용추천서, 협조공한 또는 고용의 필요성 입증서류","[필수서류]
- 사증발급신청서 (별지 제17호 서식), 여권, 표준규격사진 1매, 수수료
- 고용계약서
- 소관부처(산하단체)의 고용추천서
- 공사기관 설립관련 서류 (사업자등록증, 법인등기부등본)

[필수서류]
- 사증발급신청서 (별지 제17호 서식), 여권, 표준규격사진 1매, 수수료
- 용역계약서(또는 구매계약서, 사업수주계약서 등) 사본
- 파견명령서 또는 출장명령서

[필수서류]
- 사증발급신청서 (별지 제17호 서식), 여권, 표준규격사진 1매, 수수료
- 학위관련 검증서류 중 택1:
  학위증 사본(아포스티유 또는 영사확인), 또는
  해당 대학 발행 학위취득 증명서(아포스티유 또는 영사확인), 또는
  학위취득 사실이 기재된 졸업증명서(아포스티유 또는 영사확인)
- 범죄경력증명서(아포스티유 또는 영사확인)
- 고용계약서
- 사업자등록증, 법인등기부등본 또는 교육기관 설립관계 서류
- 평생교육시설등록증 등 평생교육시설 신고수리·지정관련 서류
- 영어캠프 운영일정표 및 강의시간표(해당 외국인 참여시간 표기)

[기타서류]
아포스티유 협약 미가입 국가는 자국 소재 대한민국공관의 영사 확인

[공통서류]
- 사증발급신청서(별지 제17호 서식), 여권, 표준규격 사진 1매, 수수료

[필수서류]
공연법 규정에 의한 공연
- 영상물등급위원회(제주특별자치도지사)의 공연추천서 (추천제외대상공연은 면제)
- 공연계획서, 공연계약서 (공연계획서 포함 생략)
- 피초청인이 미성년자인 경우, 법정대리인의 동의서
호텔업시설·유흥업소 공연·연예활동
- 영상물등급위원회의 공연추천서 (관광업소에서의 연주·가요·곡예·마술 공연추천은 주한 미8군 영내클럽, 관광진흥법상 3급 이상 관광호텔, 관광유람선, 휴양콘도미니엄, 관광극장유흥업, 외국인전용음식점, 국제회의시설 부대시설 외에는 추천하지 않음)
- 연예활동계획서
- 자격증명서 또는 경력증명서
- 신원보증서
- 피초청인이 미성년자인 경우, 법정대리인의 동의
운동경기·바둑시합·가요 경연 참가자
- 주최 측이 발급한 초청장 또는 참가확인서
- 행사 참가 시 지급되는 보수 또는 수당 등이 기재된 계약서 등

[기타서류]
광고 모델 (일반심사 기준)
- 사업자등록증
- 대중문화예술기획업 등록증 (대중문화예술산업발전법 시행규칙 별지 제2호 서식)
- 부가가치세 과세표준증명(매출과세표준)
- 납세증명서
- 기타 기업의 건전성 증빙 서류
- 고용계약서, 신원보증서, 이력서, 보호자 동의서(미성년)
- 광고촬영·패션쇼 관련 계약서, 모델 사용 개요, 국내 활동 계획서
- 기타 모델의 전문성 입증 서류
- 직전 초청 외국인의 국내 활동 내역, 귀국 여부 등 증빙서류(해당 시)
- 영사 인터뷰 필수
광고 모델 (우대심사 우수업체)
초청업체 요건:
- 법인사업자, 대중문화예술기획업 등록
- 최근 3년 이내 최소 5억원 이상 매출실적
- 최근 3개월 간 국민 상시근로자 5인 이상 고용
- 업력 5년 이상(또는 대표이사 동종업계 5년 이상)
- 사업자등록증 상 관련 업종만 등재, 체납 없음
외국인 요건: 불법체류 다발 21개 고시국가가 아닐 것
그 밖의 경우
- 소관 중앙행정기관장의 고용추천서 또는 고용 필요성 입증 서류 (방송통신위원회, 협회/연맹, 주무처 협조공문, 초청단체 초청사유 및 활동계획서 등)
- 피초청인 미성년자 시 법정대리인의 동의서

[필수서류]
- 사증발급신청서 (별지 제17호 서식), 여권, 표준규격사진 1매, 수수료
- 고용(강의·강연)계약서 또는 강의료 액수 등 수익금액이 기재된 초청장 (사증발급 협조요청 문서)
- 신청인의 학위증 사본 및 재직증명서
- 초청 교육기관 등의 설립관련 서류 (사업자등록증 사본 또는 법인등기사항전부증명서 등)

[필수서류]
- 사증발급신청서 (별지 제17호 서식), 여권, 표준규격사진 1매, 수수료
- 고용계약서
- 소관행정기관의 장의 고용추천서, 협조공한 또는 고용의 필요성을 입증할 수 있는 서류","IT나 BT 분야로 한국에 단기로 일하러 가려면 어떤 서류 내요?
첨단기술 단기 취업 비자는 복수사증으로 받을 수 있어요?
부처 고용추천서가 꼭 필요해요?

외국에서 수입한 기계 설치하러 한국에 잠깐 파견 갈 때 비자 어떻게 받아요?
조선설비 감독하러 가는 단기 파견은 어떤 비자가 맞아요?
이 비자 신청 시 계약서가 꼭 필요해요?

영어캠프 강사로 한국 단기로 가려면 어떤 서류 내요?
학위증명서를 어떻게 인증받아야 해요?
등록된 시설 외에서 캠프 강사 비자도 받을 수 있어요?

외국 가수가 한국 공연하러 90일 정도 갈 때 비자 어떻게 받아요?
광고 모델로 한국 단기 촬영 가려면 서류가 어떻게 돼요?
운동경기 참가하면서 상금 받는 선수는 어떤 비자가 맞아요?

한국 대학에서 90일 단기로 강의하려면 어떤 비자 받아요?
정부 초청으로 학술 강연만 잠깐 하는 건 단기 취업비자 안 받아도 되나요?
공익 목적 강연으로 비자 면제받을 수 있는 조건이 어떻게 되나요?

상기 외에 단기로 일하러 한국 가려면 기본 서류가 어떤 거예요?
단기취업 비자는 며칠 동안 머물 수 있어요?
부처 추천서 없으면 신청 못 해요?",p.52~58,90일 이내 단기취업·계절근로,"E-7, E-8 (장기)",-,"단기취업, 일시흥행, 계절근로"
C-4 (C-4-1~4),C-4,사증,사증발급인정서,계절근로 단기취업(C-4-1~4)자에 대한 사증발급인정서 발급,지자체가 고용주에게 배정한 해외 체류 외국인(MOU 체결 외국지자체 또는 결혼이민자 4촌 이내 친척 추천),"신청자: (시·군·구)기초자치단체장
사증발급인정서 대상자: 지자체가 고용주에게 배정한 해외 체류 외국인
결혼이민자 또는 외국국적동포의 국내 체류 가족은 사증발급인정서 신청 대상이 아니고 체류자격외활동허가 신청 대상

표준근로계약서 상의 근로일수와 사증(VISA)별 체류기간이 부합되어야 함

[표]
계절근로 사증 종류

C-4-1: MOU 체결 외국지자체 추천, 농업, 90일
C-4-2: 결혼이민자 추천, 농업, 90일
C-4-3: MOU 체결 외국지자체 추천, 어업, 90일
C-4-4: 결혼이민자 추천, 어업, 90일","신청 방법: 비자포털(www.visa.go.kr)을 통하여 신청
신청시기: 농·어업 작업시기, 사증발급인정서 발급 소요 기간(약 10일), 외국인 계절근로자 사증 준비 및 자국 출국 행정 절차 소요 기간 등을 고려하여 결정
숙소점검 확인서는 계절근로자 입국 직후 지자체에서 일괄 공문 제출",,"C-4-1(단수, MOU 외국지자체 추천, 농업, 최대 90일)
C-4-2(단수, 결혼이민자 추천, 농업, 최대 90일)
C-4-3(단수, MOU 외국지자체 추천, 어업, 최대 90일)
C-4-4(단수, 결혼이민자 추천, 어업, 최대 90일)",최대 90일 (C-4-1~4 단수),90일 (C-4 상한),,,,,,(시·군·구)기초자치단체장,MOU 체결 외국지자체 또는 결혼이민자 추천,"[필수서류]
비자포털에 첨부 제출
- 표준근로계약서
- 내국인 구인노력 증빙자료(구인 광고내용 사본 및 최종 구인실적 등)
- 외국인 계절근로자 여권 사본
- MOU 외국인: 본국에서의 농·어업 종사 이력
- 결혼이민자 4촌 이내 친척(배우자 포함): 결혼이민자 신분증, 국내용 혼인·가족관계 증명서, 기본증명서, 친척 관계도, 거주국 가족관계증명서 등
- 숙소 관련 서류 (외국인 계절근로자 숙소시설표, '24년 한시적 시행)
- 업무협약(MOU) 체결 결과서 등","한국 농어촌에 계절근로로 외국인 노동자 데려오려면 어떤 비자 받아요?
결혼이민자 친척이 계절근로로 한국 오려면 어떻게 신청해요?
계절근로 비자는 최대 며칠까지 가능해요?",p.58~59,90일 이내 단기취업·계절근로,"E-7, E-8 (장기)",-,"단기취업, 일시흥행, 계절근로"
C-4 (C-4-5),C-4,사증,사증발급인정서,"특정국가 국민에 대한 단기취업(C-4-5) 사증발급인정서 발급
특정국가 국민은 원칙적으로 법무부장관, 출입국·외국인청(사무소·출장소)장이 발급한 사증발급인정서에 따라 사증 발급",특정국가 국민 (C-4-5 단기취업 사증 신청자) 및 특정국가 거주 무국적자,C-4-5(계절근로외 단기취업) 활동범위 해당자 - 일시흥행·광고·패션·강의·강연·연구·기술지도·파견 등,"사증발급인정서를 제출하지 아니한 자에 대하여는 공관장이 사증발급승인을 요청하여 법무부장관의 승인을 받아 사증을 발급할 수 있음
특정국가 거주 무국적자는 특정국가 국민의 사증발급기준에 준하여 처리",,체류기간 90일 이내 (C-4-5 일반 준용),90일 이하,90일 (C-4 상한),특정국가 국민은 원칙적으로 인정서 필요(공관장 재량 발급 제한),,,,,C-4-5 활동범위 내 초청자(국내 공·사기관 등),법무부장관 또는 출입국·외국인청(사무소·출장소)장 (사증발급인정서 발급),"C-4-5 일반 단수사증 제출서류 준용 (별지 21호 사증발급인정신청서, 여권사본, 사진, 고용계약서, 소관행정기관 고용추천서 등)","특정국가 국민이 한국 단기취업 비자 받으려면 어떻게 해야 해요?
사증발급인정서 없이도 단기취업 비자 받을 수 있어요?",p.59,90일 이내 단기취업·계절근로,"E-7, E-8 (장기)",-,"단기취업, 일시흥행, 계절근로"
D-1,D-1,사증,사증발급,"수익을 목적으로 하지 아니하는 학술 또는 예술상의 활동자

한국국제교류재단 및 한국문화예술위원회의 초청을 받아 문화예술 활동을 하고자 하는 자에 대한 체류기간 1년 이하의 단수사증","수익을 목적으로 하지 않는 학술·예술 활동자 (논문 작성·창작, 비영리 학술·예술단체 초청자, 한국 고유문화·예술 연구·지도 수강자)","논문작성, 창작 활동을 하는 자
비영리 학술활동·예술단체의 초청으로 학술 또는 순수 예술 활동에 종사하는 자
대한민국의 고유문화 또는 예술에 대하여 전문적으로 연구하거나 전문가의 지도를 받으려는 자 (예: 태권도 등 전통무예, 한국무용, 서예, 궁중음악, 참선, 농악 등)",재외공관 사증발급 신청(공관장 재량) → 발급 → 입국 (한국국제교류재단·한국문화예술위원회 초청에 한함),,체류기간 1년 이하 단수사증,1년 이하 (공관장 재량 발급),2년,영리목적 사설학원의 연수자는 D-1 대상 아님,"체류기간이 90일 이하인 경우에는 단기방문(C-3-1) 자격에 해당
영리목적의 사설학원에서의 연수자는 해당되지 않음",,,,"비영리 학술활동·예술단체

한국국제교류재단, 한국문화예술위원회","전문가: 무형문화재 또는 국가공인 기능보유자 등을 말하며, 순수예술 분야의 연구단체나 해당 분야의 저명한 인사로부터 지도를 받는 자를 포함

재외공관의 장은 입국목적, 초청의 진정성, 자격 확인 등을 위해 첨부서류를 일부 가감할 수 있음
상기 이외의 경우에는 모두 사증발급인정서에 의해 사증발급","[필수서류]
- 사증발급신청서 (별지 제17호 서식), 여권, 표준규격사진 1매, 수수료
- 초청장
- 문화예술단체임을 입증하는 서류 (전문가 지도인 경우 그 자의 경력증명서)
- 이력서 또는 경력증명서
- 체류 중 일체의 경비지불능력을 증명하는 서류","한국 전통무예를 배우러 가려면 어떤 비자 받아요?
수익 없는 예술 창작 활동으로 한국에 머무는 비자는 뭐예요?
문화예술 비자는 얼마나 머물 수 있어요?

한국국제교류재단 초청 받은 외국 예술가는 어떤 서류 내요?
문화예술 비자 받을 때 어떤 단체 초청이어야 해요?
공관 직접 발급 비자는 얼마짜리인가요?",p.60~61,문화예술 활동 초청,F-2 거주,F-3 동반,"문화예술, 비영리 연수"
D-1,D-1,사증,사증발급인정서,상기 공관장 재량으로 발급할 수 있는 사증 이외의 경우 사증발급인정서로 사증발급,공관장 재량 발급 대상(한국국제교류재단·한국문화예술위원회 초청) 외의 모든 D-1 신청자,"D-1 활동범위 해당 (수익 없는 학술·예술 활동, 논문·창작, 비영리 단체 초청, 한국 고유문화·예술 연구·지도)",사증발급인정서 신청·발급 → 재외공관 사증발급 신청·발급 → 입국,,(인정서 기반 공관 발급; 매뉴얼 별도 명시 없음 - D-1 일반 준용),2년 (D-1 상한),2년,,,,,,문화예술단체 (전문가 지도 시 해당 전문가 포함),"출입국·외국인청(사무소·출장소)장은 초청의 진정성, 자격 확인 등을 심사하기 위해 첨부서류의 일부를 가감할 수 있음","[필수서류]
- 사증발급인정신청서 (별지 제21호 서식), 여권, 표준규격사진 1매
- 초청장
- 문화예술단체임을 입증하는 서류 (전문가 지도인 경우 그 자의 경력증명서)
- 이력서 또는 경력증명서
- 체류 중 일체의 경비지불능력을 증명하는 서류","한국에서 예술 연구하러 갈 때 사증발급인정서는 어떻게 받아요?
문화예술 인정서 받으려면 어떤 서류 내요?
공식 단체 초청장이 꼭 필요해요?",p.60~61,문화예술 활동 초청,F-2 거주,F-3 동반,"문화예술, 비영리 연수"
D-2,D-2,사증,사증발급,"고등교육법 및 특별법에 따라 설립된 전문대학 이상의 교육기관이나 학술 연구기관으로서 법무부장관이 정하는 요건을 갖춘 대학 또는 부설 어학원에서 정규과정의 교육을 받거나 특정 연구를 하고자 하는 외국인

유학(D-2) 사증발급 일반: 우리부 유학생정보시스템(FIMS)에 등록된 교육기관 및 학술연구기관의 정규 유학생 또는 어학연수생

사증발급인정서 발급 대상 이외 유학생 (단, 우수인증대 유학생은 사증발급도 가능)

전문학사, 어학연수, 단기유학생에 대한 동반(F-3) 사증 제한","외국인 유학생(D-2-1~D-2-8) 및 어학연수생(D-4-1, D-4-7) - 전문대학 이상 정규과정 교육 또는 특정 연구 목적","적용대상별 세부약호
학위과정(D-2): D-2-1 전문학사, D-2-2 학사, D-2-3 석사, D-2-4 박사, D-2-5 연구, D-2-6 교환학생, D-2-7 일-학습연계 유학, D-2-8 방문학생
어학연수(D-4): D-4-1 한국어 연수, D-4-7 외국어 연수

[표]
유학 세부약호 분류

D-2-1 전문학사, D-2-2 학사, D-2-3 석사, D-2-4 박사, D-2-5 연구과정, D-2-6 교환학생, D-2-7 일-학습연계 유학, D-2-8 방문학생
D-4-1 한국어 연수, D-4-7 외국어 연수

학력증명서 제출 방식 (중국 학력 취득자)

어학연수(D-4-1): 고교 졸업 이상 학력 증명서
신입학 전문학사·학사: 고교 졸업증명서
신입학 석사: 학사 졸업증명서
신입학 박사: 석사 졸업증명서
편입학·교환학생·방문학생·연구유학별 추가 학력증명 요건

유학 사증 발급 내용

D-2-1~4 체류기간 2년 이내 단수
D-2-5 체류기간 1년 이내 단수
D-2-6 체류기간 1년 이내 단수
D-2-8 체류기간 1년 이내 단수
인도국민 D-2-1·D-2-5: 체류기간 2년, 유효기간 5년 복수
어학연수 D-4-1·D-4-7 체류기간 6개월 이내 단수","신청 장소: 신청인의 거주국 또는 최종학교 소재지 관할 공관에서 신청 원칙
발급 절차: 입학허가 신청(해당대학, 본인) → 표준입학허가서 발급·등록(유학생정보시스템 FIMS, 유학생담당자) → 사증발급신청·발급(재외공관, 본인 또는 대리인) → 입국(공항만)
표준입학허가서는 대학에서 발급해 FIMS 등록 후 총·학장 직인을 날인하여 유학생에게 송부",,"D-2-1~D-2-4 (전문학사~박사): 체류기간 2년 이내, 단수
D-2-5 (연구과정): 체류기간 1년 이내, 단수
D-2-6 (교환학생): 체류기간 1년 이내, 단수
국방부 초청 수탁교육생(D-2-2~D-2-4): 체류기간 2년 이내, 단수
D-2-8 (방문학생): 체류기간 1년 이내, 단수
인도국민 D-2-1, D-2-5: 체류기간 2년, 유효기간 5년 복수 (교육기간이 5년 미만은 교육기간 동안 유효 복수)
어학연수 D-4-1, D-4-7: 체류기간 6개월 이내, 단수","최대 2년 (인증대학 2년, 일반대학 1년, 비자심사강화대학 6개월)",2년 (D-2 일반 상한),"유학 체류자격 대상 교육기관에서 제외되는 대상
- 방송대학·통신대학·방송통신대학 및 사이버대학(원격대학)
- 평생교육법 제2조제2호에 따른 평생교육기관
- 국민 평생 직업능력 개발법 제2조제5호에 따른 기능대학 중 직업훈련과정
- 야간대학 및 대학원 (단, 주간 교육과정이 없는 야간대학원, 전문대학 전공심화 야간과정으로 관할 출입국관서의 사전심사를 거친 교육과정은 허용)
직업전문학교 등 직업능력개발 훈련시설은 유학(D-2) 사증발급 신청 부적합

전문학사, 어학연수, 단기유학생의 경우 배우자 및 자녀에 대한 동반사증(F-3) 발급 제한",인도적 사유에 해당하는 경우 허용,,,,"대학·부설 어학원·학술 연구기관

교육기관",법무부 유학생정보시스템(FIMS) 등록 교육기관 (대학 총·학장 발행 표준입학허가서),"[공통서류]
- 사증발급(인정)신청서, 여권사본, 사진 1매(6개월 이내 촬영 반명함)
- 교육기관 사업자등록증 (또는 고유번호증) 사본
- 표준입학허가서 (대학 총·학장 발행)
  국립국제교육원 및 국방부초청 정부 장학생은 교육원장 및 국방부장관 발급 초청장으로 대체
- 결핵진단서 (해당자에 한함)
- 가족관계 입증서류 (부모의 잔고증명 등 제출 시)
- 최종학력 입증서류 (원본심사 원칙; 학위 등 인증보고서는 대학담당자 원본 대조필인 시 사본 인정; 개인 직접 신청 발급 서류는 유효기간 내만 인정)
- 재정능력 입증서류 (1년간 등록금 및 체재비 상당 금액; 베트남은 은행 발행 지급유보방식의 별도 유학경비 잔고증명서)

[필수서류]
학력증명서 (일반국가): 아포스티유 확인 또는 영사확인을 받아 제출
학력증명서 (중국 내 학력·학위 취득자): 학력·학위 인증센터(CHSI/CDGDC) 발행 학위 등 인증보고서
중등직업학교 졸업자(중국):
- 보통중등전문학교/직업고등학교/성인중등전문학교: 지방 교육 당국 발행 졸업증명서(주중한국영사확인) 또는 학교 자체 발행 졸업증명서(성/시교육청 확인+주중한국영사확인)
- 기술공업학교: 인적자원사회보장부 공식 홈페이지 온라인 조회본 + 주중한국영사확인
- 기타 고졸학력 인정 학교: 학교 자체 발행 졸업증명서 + 주중한국영사확인
- 설립허가증(사업단위법인증서 또는 민판학교판학허가증) 사본 제출 필수

[기타서류]
과정별 추가 제출서류
특정 연구과정(D-2-5):
- 최종학력 입증서류(석사학위 이상 원칙)
  특정연구기관 육성법 시행령 제3조 지정 특정연구기관이 D-2-5 초청 시 또는 THE 200대/QS 500위 이내 국내 대학에서 이공계 분야 연구과정 유학생 초청 시 본국 학사과정 재학 중인 사람도 허용
- 신원보증서 또는 재정능력 입증서류 (잔고증명, 연구수당 지급 확인서 등)
- 특정연구과정임을 입증하는 서류 (총장의 연구생확인서 등)
교환학생(D-2-6):
- 소속 (본국) 대학장 발급 추천서
- 교환학생임을 입증하는 서류 (초청 대학 공문, 학생교류 협정서 등)
- 1학기 이상을 외국 정규대학에서 수학하였음을 입증하는 서류 (본국 대학 재학증명서 등)","한국 대학에서 정규 공부하러 가려면 어떤 비자예요?
사이버대학으로 공부하려고 해도 유학비자 받을 수 있나요?
직업전문학교 다니려는 외국인은 유학비자로 갈 수 있어요?

한국 유학비자 신청할 때 기본 서류는 어떻게 돼요?
중국에서 학위 취득한 사람은 어떤 학력 증명서를 내야 해요?
유학 비자 신청 시 재정 증명은 얼마 정도 있어야 해요?

한국 유학비자는 어디서 신청해요?
표준입학허가서 어떻게 받아요?
박사과정 비자는 한 번에 얼마나 머물 수 있어요?

전문학사 과정 유학생도 가족 동반 비자 받을 수 있어요?
어학연수생 배우자가 한국 같이 올 수 있어요?
인도적 사유면 가족 같이 데려갈 수 있나요?",p.62~67,대학·대학원 입학허가,"D-10 구직, E-1~E-7 취업, F-2-7 점수제",F-3 동반 (학사·석사·박사만),"유학, 학생, 학위과정, 어학연수"
D-2,D-2,사증,사증발급인정서,유학(D-2) 사증발급인정서 발급 대상,"(우대) 우수인증대학 유학생 / (관리) 쿠바·시리아·마케도니아·코소보 국민 / (관리) 중국·베트남·몽골·우즈벡 국민 중 하위대 어학연수·교환·방문학생, 일반대 어학연수생","(우대) 우수인증대학(유학 및 어학연수)
(관리) 쿠바, 시리아, 마케도니아, 코소보 국민 유학 및 어학연수
(관리) 중국, 베트남, 몽골, 우즈베키스탄 국민 중:
- 하위대학 어학연수, 교환학생, 방문학생
- 일반대학 어학연수
단, 정부초청장학생의 경우는 사증발급 가능","신청 장소: 입학예정대학 소재지 관할 출입국·외국인청(사무소·출장소) (분교는 분교 실질 소재지 관할)
온라인신청: 사증포털시스템(www.visa.go.kr)을 통한 온라인 신청 (유학생 담당자에 한함)
발급 절차: 입학허가 신청 → 표준입학허가서 발급·등록(FIMS) → 사증발급인정서 신청·발급(관할 출입국·외국인청, 본인 또는 초청자) → 사증발급신청·발급(재외공관) → 입국",,"(D-2 일반 발급내용 준용 - D-2-1~D-2-4 체류기간 2년, D-2-5/6/8 체류기간 1년 등)",2년 (D-2 상한),2년,"쿠바, 시리아, 마케도니아, 코소보 국민은 사증발급인정서만 발급",,,,,입학예정대학,입학예정대학 소재지 관할 출입국·외국인청(사무소·출장소) - 인정서 발급. 분교는 분교 실질 소재지 관할.,"(D-2 일반 공통서류 준용 - 별지21호 인정신청서, 여권사본, 사진, 표준입학허가서, 사업자등록증, 결핵진단서, 가족관계 입증서류, 최종학력 입증서류, 재정능력 입증서류, 과정별 추가서류)","유학 사증발급인정서는 어떤 외국인이 받아야 해요?
쿠바나 시리아 학생은 사증발급인정서로만 신청해야 해요?
인정서 신청은 어디서 해요?",p.68,대학·대학원 입학허가,"D-10 구직, E-1~E-7 취업, F-2-7 점수제",F-3 동반 (학사·석사·박사만),"유학, 학생, 학위과정, 어학연수"
D-2 (전자사증),D-2,사증,전자사증,유학(D-2) 전자비자 발급 대상,"우수 인증대학 모든 유학과정(D-2-1~D-2-8) 학생, 인증대 석사(D-2-3)·박사(D-2-4) 입학생 (쿠바·시리아·마케도니아·코소보 국적 제외)","우수 인증대학: 모든 유학과정(D-2-1~D-2-8)
인증대: 석사(D-2-3) 또는 박사(D-2-4) 과정 입학생","신청 장소: 사증포털시스템(www.visa.go.kr)
사증발급 일반 사항 준용",,D-2 일반 발급내용 준용 (예: 석사·박사 체류기간 2년 단수),2년 (D-2 상한),2년,"쿠바, 시리아, 마케도니아, 코소보 국적 유학생 제외",,,,,우수 인증대학·인증대,법무부 (사증포털시스템) - 인증대학(우수인증대/인증대) 발행 표준입학허가서,"(D-2 일반 공통서류 온라인 제출 - 표준입학허가서, 학력증명, 재정증명 등)","한국 유학 전자비자는 누가 신청할 수 있어요?
석사·박사 입학생도 전자비자로 받을 수 있어요?
유학 전자비자는 어디서 신청해요?",p.68~69,대학·대학원 입학허가,"D-10 구직, E-1~E-7 취업, F-2-7 점수제",F-3 동반 (학사·석사·박사만),"유학, 학생, 학위과정, 어학연수"
D-3,D-3,사증,사증발급,법무부장관이 정하는 연수조건을 갖춘 자로서 국내 산업체에서의 연수활동,법무부장관이 정하는 연수조건을 갖춘 외국인 - 해외직접투자/기술수출/플랜트수출 산업체에서 연수받고자 하는 자,"외국환거래법에 의거 외국에 직접 투자한 산업체에서 연수를 받고자 하는 자
외국에 기술을 수출하는 산업체로서 법무부장관이 기술연수가 필요하다고 인정하는 산업체에서 연수를 받고자 하는 자
대외무역법에 의거 외국에 산업설비를 수출하는 산업체에서 연수를 받고자 하는 자",사증발급인정서(출입국·외국인청장 발급) 제출 → 그 내용에 따라 재외공관 사증 발급,,(인정서 내용에 따라 결정 - 매뉴얼 별도 명시 없음),2년,2년,기술연수에 대한 사증발급은 반드시 출입국·외국인청(사무소·출장소)장이 발급한 사증발급인정서를 제출 받아 그 인정서의 내용에 따라 기술연수 사증을 발급,,,,,"해외직접투자 산업체, 기술수출 산업체, 플랜트수출 산업체",훈령연계: 해외투자기업 기술연수(D-3-1)생에 대한 사증발급인정서 및 관리에 관한 훈령,(사증발급인정서 발급 대상 row의 제출서류 참조),"해외법인 직원이 한국 본사에서 기술연수 받으려면 어떤 비자예요?
기술연수 비자는 한국 공관에서 바로 받을 수 있어요?
기술연수로 한국에 얼마나 머물 수 있어요?",p.70,해외투자기업 산업연수 초청,자격변경 제한적,F-3 동반,"기술연수, 산업연수"
D-3 (D-3-1),D-3,사증,사증발급인정서,기술연수업체에서 연수받는 외국인 (시행령 제24조의4 제3항 각 호에 해당하지 아니하는 자),해외합작투자법인/해외현지법인 생산직 직원 또는 기술/플랜트 수출 외국기업의 생산직 직원으로 연수 필요 인정자,"해당국 정부의 법령에 의해 합법적으로 설립되고 가동되어 3개월이 경과된 해외합작투자법인 또는 우리기업의 해외현지법인의 생산직 직원으로 그 나라에서 기술습득이 불가능하거나 어려워 연수가 필요하다고 인정되는 외국인
우리나라 기업과 미화 10만불 이상의 기술 도입 또는 기술제휴 계약을 체결하여 기술을 수입하였거나 우리나라 기업으로부터 본선 인도가격 미화 50만불 상당액 이상의 플랜트를 수입한 외국기업의 생산직 직원으로 그 기술 또는 플랜트의 운영을 위하여 연수가 필요하다고 인정되는 외국인

해외합작투자법인 또는 해외현지법인은 외국환거래법 제3조제1항제18호 및 동법시행령 제8조 규정에 따라 해외직접투자를 한 국내 산업체를 의미
해외에서 기술습득이 불가능하거나 어려운 경우란 해외기업에 해당기술을 교육시킬 숙련공·전문가가 없거나 부족하거나, 해당기술을 연수시킬 기계·플랜트가 없거나 부족한 경우
기술수출은 1개의 기술 기준으로 계약이행 기간 동안 10만불 이상이어야 하며, 여러 기술 수출 시에도 총 연수허용인원은 연수업체별 허용인원 초과 불가
플랜트는 1개 설비 기준 50만불 이상 (대외무역법 제32조제1항)",사증발급인정서 신청·발급(출입국·외국인청장) → 사증발급 신청·발급(재외공관) → 입국,,(매뉴얼 별도 명시 없음),2년 (D-3 상한),2년,한 기술연수업체가 여러 해외기업에 직접 투자 시 각 해외기업별로 연수허용인원 결정하되 총 허용인원은 연수업체별 허용인원 초과 불가,,,,,국내 산업체 (해외직접투자 또는 기술/플랜트 수출 기업),출입국·외국인청(사무소·출장소)장 (사증발급인정서 발급),"[필수서류]
- 사증발급인정신청서 (별지 제21호 서식), 여권사본, 표준규격사진 1매
- 피초청자가 기술연수생 요건을 구비하였음을 입증하는 서류
  현지법인등록증(또는 설립인가서) 사본
  현지법인의 장이 발급한 피초청자 재직증명서 및 여권사본 (주재국 우리공관이 있는 경우 영사확인 필요)
  한국어능력입증자료
- 연수내용을 확인할 수 있는 연수계획서(별첨 3)
- 초청자의 신원보증서 (피보증인이 2인 이상인 경우 사증발급인정신청서의 ""피초청자명단"" 첨부하여 한 장만 작성)
- 초청업체가 연수허용대상 업체임을 입증할 수 있는 서류
  (해외직접투자산업체) 해외직접투자신고(수리)서, 송금영수증·송금사실확인서(현금투자), 세관 발행 수출면장(현물투자)
  (기술수출산업체) 기술수출계약서(국문) 사본, 지식경제부 장관 승인서(해당시)
  (플랜트수출 산업체) 플랜트수출승인서(변경승인서 포함)
- 연수허용인원 산정에 필요한 초청업체의 내국인 상시 근로자 수 입증서류 (노동부 고용보험사이트 사업장별 피보험자격내역서)
- 자체 연수시설(공정)과 적정한 숙박시설 등 연수환경 확인 자료(기숙사 시설 내부 사진 등)","해외 합작법인 직원에게 한국 본사에서 기술연수시키려면 어떻게 신청해요?
기술 수출한 외국기업 직원 연수 비자는 어떤 조건이 있어요?
플랜트 수출한 기업의 직원 연수도 비자 신청 가능해요?

기술연수 사증발급인정서 신청할 때 어떤 서류 내야 해요?
초청 기업이 해외직접투자 산업체임을 어떻게 증명해요?
연수계획서 같은 거 꼭 첨부해야 해요?",p.70~72,해외투자기업 산업연수 초청,자격변경 제한적,F-3 동반,"기술연수, 산업연수"
D-4,D-4,사증,사증발급,유학(D-2) 자격에 해당하는 교육기관 또는 학술연구기관외에 교육기관이나 기업체·단체 등에서 교육 또는 연수를 받거나 연구하는 활동,"D-2 자격 교육기관 외 일반 교육기관/기업체/단체 등에서 교육·연수·연구하는 외국인 - 대학부설 어학원 한국어 연수, 기타 교육, 국공립 연수, 외국인투자기업 인턴, 맞춤형 인턴십 등","대학부설 어학원에서 한국어를 연수하는 자
유학(D-2) 자격에 해당하는 기관 또는 학술연구기관 이외의 교육기관에서 교육을 받는 자
국·공립 연구기관이나 연수원 등에서 기술, 기능 등을 연수하는 자
외국인투자기업 또는 외국에 투자한 기업체 등에서 인턴(실습사원)으로 교육·연수·연구 활동에 종사하는 자
해외진출 우리 기업이 현지에서 양성한 맞춤형 우수대학생과 해외법인 전문인력의 국내 인턴십 참여",,,"(세부 카테고리별 상이 - 어학연수 6개월 이하, D-4-3 1년 이내 등; 모표라 카테고리별 분산)",2년,2년,"평생교육시설(대학부설 평생교육시설 포함)·사설학원 등은 일반연수(D-4) 사증발급 대상에 포함되지 않음
평생교육시설·사설학원 등의 외국인학생 한국어연수는 불가",,,,,"대학부설 어학원, 국·공립 연구기관, 외국인투자기업 등",(어학연수 D-4-1은 FIMS 등록 교육기관 표준입학허가서 / D-4-3은 학교장 발행 입학허가서 등 - 카테고리별 상이),"(세부 카테고리별 상이 - D-4-1/D-4-7, D-4-2K, D-4-3, D-4-5, D-4-6 등)","한국에서 한국어나 외국어 연수 받으려면 어떤 비자예요?
인턴십으로 한국 기업에 가는 경우도 일반연수 비자에 해당해요?
사설학원에서 한국어 배우는 외국인도 일반연수 비자 받을 수 있어요?",p.73,어학원·기관 입학 또는 대학생 단기연수,D-2 유학 (정규과정 진학),-,"일반연수, 어학연수, 한국어"
D-4 (D-4-1),D-4,사증,사증발급,"어학연수(한국어연수: D-4-1, 외국어연수: D-4-7) 자격
대상기관: 유학(D-2) 사증발급 대상에 해당하는 교육기관(대학) 부설 어학원",고등학교 졸업 이상 학력 소지자로서 대학(전문대학 이상) 부설 어학원에서 한국어(D-4-1) 또는 외국어(D-4-7) 연수받고자 하는 외국인. 외국어연수(D-4-7)는 고등학교 이하 재학생도 포함.,"고등학교 졸업 이상의 학력 소지자로 상기 교육기관에서 어학연수를 하고자 하는 사람 (학력입증 절차는 유학(D-2) 사증 신청 시와 동일)
단, 외국어 연수(D-4-7)는 고등학교 이하의 학교 재학생도 포함

어학연수 사증 신청 시 다음 요건을 모두 충족할 것
- 한국어 강사: 국립국어원이 발급한 한국어 교원(3급 이상) 자격증 소지자 일정 인원 고용 (외국인도 요건 갖춘 경우 가능)
- 강사 비율: 학생인원수 대비 강사 비율이 학생 30명당 강사 1명 이상
- 수업운영: 주중(월-금) 최소 4일 이상, 주당 주간 최소 15시간 이상 (반기 당 최소 300시간 이상 교육)
- 주간·정규과정: 주간(9시~18시)에 월~금 출석수업 방식 운영",신청 장소: 신청인의 거주국 또는 최종학교 소재지 관할 대한민국 공관에서 신청 원칙,,체류기간 6개월 이하 단수 일반연수(D-4) 사증,6개월 이하,"2년 (D-4 상한, 연장 가능)","아래의 경우 사증발급인정서에 의해서만 사증발급
- 쿠바, 시리아, 마케도니아, 코소보 국민
- 일반대학에 입학하는 몽골, 베트남, 우즈벡, 중국의 어학연수생
- 하위대학에 입학하는 몽골, 베트남, 우즈벡, 중국의 어학연수생",90일 이하 체류 어학연수생은 단기일반(C-3-1) 사증 발급 대상,,,,대학 부설 어학원,대학 총·학장 (표준입학허가서 발행); D-2 인증대학 분류 적용,"[필수서류]
- 사증발급신청서 (별지 제17호 서식), 여권, 표준규격사진 1매, 수수료
- 교육기관 사업자등록증 사본 또는 고유번호증 사본
- 표준입학허가서 (대학 총·학장 발행)
- 재학증명서 또는 최종학력 입증서류 (원본 심사 원칙)
- 재정 입증서류 (잔고증명서, 통장, 장학금증명서, 입출금내역서 등; 잔고증명서는 30일 이내 발급한 것만 유효; 1년간 어학연수 6개월의 재정능력 (등록금+체재비) 입증을 원칙; 부·모 잔고증명서 제출 시 가족관계증명서 추가)
- 연수계획서 (강의시간표, 강사구성표, 연수시설 등의 내용 포함)","한국 대학 어학원에서 한국어 배우려면 어떤 비자 받아요?
어학연수 비자는 며칠까지 가능해요?
어학연수 신청 시 재정 증명은 어느 정도 있어야 해요?",p.73~74,어학원·기관 입학 또는 대학생 단기연수,D-2 유학 (정규과정 진학),(전문학사·어학연수·단기유학생은 F-3 동반사증 발급 제한; 인도적 사유 시 허용),"일반연수, 어학연수, 한국어"
D-4 (D-4-3),D-4,사증,사증발급,"21개 국가 외의 기타국가 자비부담 외국인유학생
21개 국가: 중국, 필리핀, 인도네시아, 방글라데시, 베트남, 몽골, 태국, 파키스탄, 스리랑카, 인도, 미얀마, 네팔, 이란, 우즈베키스탄, 카자흐스탄, 키르기즈스탄, 우크라이나, 나이지리아, 가나, 이집트, 페루",21개국 외 기타국가 자비부담 외국인 고등학교 이하 유학생,"21개국 외 기타국가 자비부담 외국인유학생; 사증발급인정서 발급대상 자비부담 외국인 유학생 요건(학비 전액 자비, 국내 체류비용 부담 능력, 후견인 지정 등) 준용",사증신청: 신청인의 거주국 또는 최종학교 소재지 관할 공관에서 신청 원칙,,"체류기간 1년 이내, 단수",1년 이내,"2년 (D-4 상한, 연장 가능)",21개 국가 국민 중 자비 부담 외국인유학생은 사증발급인정서에 의한 사증발급 대상임,,,,,"초·중·고등학교, 외국인학교, 대안학교",재외공관장 (사증 발급),"(D-4-3 인정서 발급대상 제출서류 준용 - 입학허가서, 최종학력 입증, 학비 납부, 후견 보증, 재정능력 등)","기타국가 학생이 한국 초·중·고로 자비 유학 가려면 어떤 비자 받아요?
공관에서 직접 받는 D-4-3 비자는 얼마짜리예요?
21개 국가 외 자비 유학생도 인정서 없이 비자 신청 가능해요?",p.75,어학원·기관 입학 또는 대학생 단기연수,D-2 유학 (정규과정 진학),-,"일반연수, 어학연수, 한국어"
D-4 (D-4-1),D-4,사증,사증발급인정서,어학연수(D-4-1) 사증발급인정서 발급 대상,①시리아·마케도니아·코소보 국민 ②일반대학 입학 몽골·베트남·우즈벡·중국 어학연수생 ③하위대학 입학 몽골·베트남·우즈벡·중국 어학연수생,"시리아, 마케도니아, 코소보 국민
일반대학에 입학하는 몽골, 베트남, 우즈벡, 중국의 어학연수생
하위대학에 입학하는 몽골, 베트남, 우즈벡, 중국의 어학연수생

대상기관, 연수과정, 해당자(학력요건 포함) 등은 상단의 사증발급 기준 준용","신청장소: 입학예정대학 소재지 관할 출입국·외국인청(사무소·출장소)
온라인신청: 사증포털시스템(www.visa.go.kr)을 통한 온라인 신청 (유학생 담당자에 한함)",,체류기간 6개월 이하 단수 일반연수(D-4) 사증발급인정서,체류기간 6개월 이하 단수 일반연수(D-4) 사증발급인정서,2년 (D-4 상한),,,,,,입학예정대학(부설 어학원),입학예정대학 소재지 관할 출입국·외국인청(사무소·출장소) (사증발급인정서 발급),"[필수서류]
- 사증발급인정신청서 (별지 제21호 서식), 여권, 표준규격사진 1매, 수수료
- 교육기관 사업자등록증 사본 또는 고유번호증 사본
- 표준입학허가서 (대학 총·학장 발행, FIMS 정보확인으로 갈음 가능; 국립국제교육원 초청 장학생은 교육원장 발급 초청장으로 대체)
- 재학증명서 또는 최종학력 입증서류 (원본심사 원칙)
- 재정 입증서류 (잔고증명서 등; 30일 이내 발급분만 유효; 베트남은 지급유보방식의 별도 유학경비 잔고증명서)
- 연수계획서 (강의시간표, 강사구성표, 연수시설 등 포함)","어학연수 사증발급인정서는 어디서 신청해요?
인정서로만 비자 받아야 하는 나라가 어디예요?
어학연수 인정서로 받는 비자는 몇 달짜리예요?",p.75~76,어학원·기관 입학 또는 대학생 단기연수,D-2 유학 (정규과정 진학),(어학연수생 동반사증 F-3 제한),"일반연수, 어학연수, 한국어"
D-4 (D-4-2K),D-4,사증,사증발급인정서,"기업 맞춤형 인턴십(K-Trainee, D-4-2K) 자격 사증발급인정서
대상 국가: 베트남, 중국, 태국, 일본, 인도, 인도네시아, 말레이시아, 싱가포르, 필리핀 (2년간 시범운영)","맞춤형 우수대학생(현지 산학협력 체결대학 계약학과 학사과정 3년 이상, 토픽 2급 이상, 29세 이하) 또는 현지법인 전문인력(E-7-1·2 77개 직종, 생산직 제외)","초청자(국내 기업) 요건: 상기 대상국가에 진출하여 현지법인이나 지점·지사(연락사무소제외)를 설립하고 운영 중인 기업의 국내 기업(본사 및 지점, 연구소 등)
피초청자 유형:
- 맞춤형 우수대학생: 기업이 현지 대학과 산학협력 체결하고 후원·양성하는 학사과정 3학년 이상 재학생으로 토픽 2급 이상 소지하고 ①산학협력 체결 ②후원(교육 커리큘럼, 장학금, 연구비 등) ③학력·한국어·나이(현지 산학협력 체결대학 계약학과 등 재학생; 학사과정 3년 이상, 석·박사 포함; 토픽 2급 이상; 29세 이하)
- 현지법인 전문인력: 현지 법인에 채용된 전문인력으로 특정활동(E-7-1, 2) 자격의 77개 직종 분야 국내 본사 인턴십 참여 예정자 (생산직 종사자는 제외)","신청 장소: 초청기업 소재지 관할 출입국·외국인관서
발급 절차 (맞춤형 우수대학생): 현지 대학 연계 맞춤형 인재 양성 → 사증발급인정서 신청·발급(초청자, 출입국·외국인관서) → 사증발급신청·발급(피초청자 또는 대리인, 재외공관) → 입국
발급 절차 (현지법인 전문인력): 현지 법인 채용·근무 → 사증발급인정서 신청·발급 → 사증발급신청·발급 → 입국",,"체류기간 6개월 이내, 단수",6개월 이내,2년 (D-4 상한); 단 D-4-2K는 국내 자격변경 불가하여 실질 체류기간은 6개월 이내,"초청인원: 사업장별 상시 근로자 수의 10% 내에서 초청 가능, 동시 인턴십 가능 인원은 100명을 초과할 수 없음
초청제한: 사증발급인정서 발급 신청일 기준 과거 1년 이내 D-4-2K 참여자 중 10% 이상 불법체류자 발생 시 최종 발생일로부터 1년간 신규 초청 제한
국내에서 기업 맞춤형 인턴십(D-4-2K) 자격으로 체류자격 변경 불가",,,,"사업장별 상시 근로자 수의 10% 이내, 동시 인턴십 100명 이내",해외 진출 국내 기업 본사·지점·연구소,초청기업 소재지 관할 출입국·외국인관서 (사증발급인정서 발급),"[공통서류]
- 사증발급인정신청서
- 여권사본 및 표준규격 사진 1매
- 해외법인·국내 초청기업 관계 입증서류 (초청기업 사업자등록증, 해외 법인 설립 신고서 등)
- 납세증명서(국세, 지방세), 상시 근로자 수 입증 서류
- 결핵진단서(해당자)
- 인턴·연수 활동 계획서

[필수서류]
추가서류
맞춤형 우수대학생
- 현지 대학과의 산학협력 체결 입증서류(MOU 등)
- 기업이 맞춤형 인재로 양성·후원하는 입증서류 (산학협력 체결서에 포함 시 생략 가능)
- 재학증명서 및 한국어 능력 입증 서류
현지법인 전문인력
- (필수) 재직증명서 (담당 업무, 재직 기간 포함)","한국 기업 맞춤형 인턴십으로 가려면 어떤 조건이 필요해요?
현지 대학생이 한국 본사 인턴십 갈 수 있어요?
인턴십 비자는 얼마나 머무를 수 있어요?",p.76~78,어학원·기관 입학 또는 대학생 단기연수,D-2 유학 (정규과정 진학),-,"일반연수, 어학연수, 한국어"
D-4 (D-4-3),D-4,사증,사증발급인정서,"고등학교 이하 교육기관 유학생에 대한 일반연수(D-4-3) 자격 사증발급인정서 발급
21개 국가국민 중 자비 부담 외국인유학생 또는 정부기관·지방자치단체 초청 의무(무상)교육기관 외국인 유학생",21개국 국민 중 자비부담 외국인유학생(고등학교 이하) 또는 정부기관·지방자치단체 초청 의무교육기관 외국인 유학생,"교육기관:
- 초·중등교육법 제2조 제1호~제3호에 따른 초·중·고등학교 (공민학교, 고등공민학교, 방송통신중·고등학교, 고등기술학교는 제외)
- 초·중등교육법 제2조 제5호 외국인학교 및 대안학교 (학비가 연간 500만 원 이상이며, 교육감 설립 인가를 받은 학력 인정 기관)
- 경제자유구역 및 제주국제자유도시 외국교육기관
- 한국과학기술원법 제14조의3 제1항에 따른 과학영재학교
의무(무상) 교육기관은 제외 (단, 정부기관·지자체 초청 전액 장학생은 청소년 교류 또는 교육 나눔 목적 허용)

자비부담 외국인 유학생 요건
- 학비(수업료, 기숙사비, 입학금 등 유학관련 비용 일체)를 전액 자비로 납부
- 국내 체류 비용을 부담할 능력
- 단기 자격자는 국내 입국 후 해당자격으로 변경 금지",권한 위임 및 관할: 입학예정 학교 소재지 관할 출입국·외국인청(사무소·출장소),,"체류기간 1년 이내, 단수",1년 이내,2년 (D-4 상한),,,,,,입학예정 학교,입학예정 학교 소재지 관할 출입국·외국인청(사무소·출장소) (사증발급인정서 발급),"[공통서류]
- 사증발급인정신청서 (별지 제21호 서식), 여권사본, 표준규격사진 1매
- 교육기관 사업자등록증(또는 고유번호증) 사본
- 입학허가서(학교장 발행, 붙임 1 서식)
- 최종 학력 입증서류(졸업증명서 또는 재학증명서 등)

[필수서류]
자비부담 외국인유학생 추가서류
- 학비 납부 내역서(수업료·기숙사비·입학금 등 유학관련 비용 일체)
- 국내 체류비용 부담 능력 입증서류 (3개월 이상 계속 예치된 기준 이상 금액의 잔고증명서 또는 입출금내역서 등)
- 후견 보증서 (붙임 2 서식; 부모(2촌 이내 친인척)가 후견인이 되는 경우에도 작성; 후견인 면제 대상자는 학교장 명의 기숙사 입소확인서 제출)
- 후견인 재정능력 입증서류 (불법체류 다발국가 국민에 한함; 원천징수영수증, 부동산소유증명, 부동산거래계약서, 예금잔고증명 등)
- 후견인과의 관계 증명서류 (친족관계가 아닌 경우 관계 소명 자료 등)
- 가족관계 입증서류 (불법체류 다발국가 국민에 한함; 원본 제출, 번역본 첨부 시 번역자 확인서 추가)
정부기관 또는 지방자치단체 초청 외국인유학생 추가서류
- 전액 장학생 입증서류(정부기관 및 지방자치단체의 공문)
- 초청 목적 입증서류(교육 계획(안), 진로 지도(안) 등)

[기타서류]
후견인 요건
- 국내 체류 중인 국민 또는 등록외국인으로 해당 유학생과 친족관계에 있거나 유학생 부모와 친분 관계를 입증할 수 있는 자 (유학원 및 홈스테이 관계자 등 불가)
- 불법체류 다발국가(21개국) 외국인유학생의 후견인은 연간 소득이 전년도 한국은행 고시 GNI 이상이거나 자산이 국민기초생활보장법에 따른 중위 수준 이상
- 외국인인 경우 외국인등록을 한 국내 장기 체류가 가능한 자격 소지자
- 후견인 1인 당 후견 가능한 외국인유학생은 2명 이내로 제한
- 단, 고등학교 전·입학자로 해당학교 기숙사 입소자는 후견인 면제(학교장 명의 입소확인서 필요)","자녀를 한국 초·중·고 자비유학 보내려면 어떤 서류 내요?
유학생 후견인이 꼭 있어야 하나요?
21개국 국민 유학생은 인정서로 신청해야 해요?",p.79~81,어학원·기관 입학 또는 대학생 단기연수,D-2 유학 (정규과정 진학),-,"일반연수, 어학연수, 한국어"
D-4 (D-4-5),D-4,사증,사증발급인정서,한식조리연수생(D-4-5)에 대한 사증발급인정서 발급,"한식조리연수 받고자 하는 외국인 (조리사 경력자, 외국조리사 자격증 소지자, 조리 관련학과 학위 또는 1년 이상 수학자 등)","아래 3가지 요건 모두 충족
자격요건 중 1가지 이상:
- 고졸 이상 학력 소지자로서 조리사 근무경력 3년 이상인 자
- 외국조리사 자격증 소지자로서 조리사 근무경력 1년 이상인 자
- 조리 관련학과 학위증 (전문학사 포함) 소지자
- 조리 관련학과 전공자로 1년 이상 수학자
한국어기초능력 (다음 중 1):
- TOPIK 1급 또는 B-KLAT 120점 이상
- 국내 대학에서 전문학사 학위 이상 취득자
- 사회통합프로그램 사전평가 21점 이상 또는 1단계 이상(100시간) 수료자
- 대학교부설 어학원에서 1분기(150시간) 이상 한국어 연수
- 한국어기초능력 증명 면제신청서 제출자(동일언어권 연수생 대상 해당 외국어로 실시하는 연수프로그램 참가자에 한함)
심신이 건강한 자 (폐결핵, 전염성 질환 등의 감염이 없을 것)","업무처리절차: 연수추천서 발급(한국농수산식품유통공사 aT) → 사증발급인정서 신청(교육기관) → 사증발급인정서(번호) 발급(관할 출입국·외국인청) → 사증발급신청(연수대상 외국인) → 사증발급(재외공관)
추천기관: 한국농수산식품유통공사(aT)
추천 시 징구서류: 졸업증명서/조리사자격증/조리관련학과 학위증/재학증명서, 경력증명서, 한국어 능력 입증서류",,(매뉴얼 별도 명시 없음 - D-4 일반 준용),(매뉴얼 별도 명시 없음 - D-4 상한 2년 내),2년 (D-4 상한),,,,,,연수예정 교육기관의 대표,한국농수산식품유통공사(aT) 추천,"[필수서류]
- 사증발급인정신청서 (별지 제21호 서식), 여권사본, 표준규격사진 1매
- 연수기관 설립관련 서류 (사업자등록증 또는 고유번호증 사본, 법인등기부등본 등)
- 재정입증 관련 서류 (연수비 전액 납입증명서; 연수기관 경비 부담 시 경비부담 확인서)
- 신원보증서 (법무부장관이 특히 필요하다고 인정하는 경우)
- 연수계획서 (주중에 실시 원칙; 최소 1일 4시간 또는 주 20시간, 최대 1일 8시간 또는 주 40시간)
- 한국농수산식품유통공사(aT)의 추천서","한식 조리 배우러 한국 가려면 어떤 비자 받아요?
한식조리연수 비자 신청할 때 한국어 능력 증명은 어떻게 해요?
한식조리연수 추천서는 어디서 받아요?",p.81~83,어학원·기관 입학 또는 대학생 단기연수,D-2 유학 (정규과정 진학),-,"일반연수, 어학연수, 한국어"
D-4 (D-4-6),D-4,사증,사증발급인정서,"우수사설 교육기관 외국인 연수(D-4-6)
허가권한: 연수기관 소재지 관할 출입국외국인관서장
사증발급인정서로만 사증발급 가능, 공관장 재량으로 사증 발급 불가","만 18세 이상 30세 이하, 고등학교 이상 학력 소지자로서 D-4-6 우수사설 교육기관 연수 신청자 (한국어능력 토픽 1급 또는 세종학당 초급1 이상; 2026.1.1.부터 상향)","연수 허용기관 기준 (모두 충족)
다음 중 어느 하나에 해당하는 기관: 국내 상장기업 설립(또는 연계) 전문기술 교육기관, 대학부설 전문기술 교육기관, 해외 본사 유명 전문기술 교육기관의 국내 지사 또는 독점 운영 계약 체결 법인형태의 교육기관, 직업능력개발훈련법인, 교육부 평가인정 법인형태의 직업기술 분야 평생직업교육학원, 평생교육법상 전공대학교 (국제예술대, 백석예술대, 정화예술대)
(운영실적) 설립 후 1년 이상 경과
(연수비용) 반기 400만원(연 800만원) 이상
(연수과정) 국가기술자격법 시행규칙 또는 학원의 설립운영 및 과외교습에 관한 법률 시행령의 직업기술 교육 (경영·사무관리·문화관광·도배·미장·세탁·장의·호스피스·청소 직종 제외)
(연수시간) 주중(월-금) 최소 4일 이상, 주당 최소 15시간 이상 주간 운영
(연수시설) 연수생을 위한 기숙사 및 자체 교육장 보유
외국인 연수생 기준
(연령 및 학력) 만 18세 이상 30세 이하, 고등학교 이상 학력 소지자
(체류경비) 어학연수생(D-4-1) 기준 준용 (잔고증명 등; 해외 발급 서류는 아포스티유 또는 한국대사관 영사확인)
(한국어능력) TOPIK 1급 이상 또는 세종학당 초급1 이상 과정 수료자 ('26.1.1.부터 TOPIK 2급, 사회통합프로그램 2단계 이상 이수 또는 사전평가 41점 이상, 세종학당 한국어 초급 2 이상 이수로 상향)

이론 및 실기 등 교육과정 외부 기관 위탁 불가",연수기관(외국인 연수생) 사증발급인정서 신청 → 출입국·외국인관서 발급 → 사증발급 신청·발급 → 입국,,체류기간 6개월 이하 단수 사증,6개월 이하,2년 (D-4 상한),"연수허용 인원은 과정에 상관없이 연수기관 당 총 300명 이내, 불법체류자 발생 수만큼 연수허용 쿼터 감축
초청인원 대비 불법체류율 (15명 이하 30%, 16~50명 20%, 51명 이상 15%) 발생 시 1년간 신규초청 제한, 추가 2% 초과 시 연수중단
연수기관은 미입국·미등록·중도이탈·미출국 등 발생 시 15일 이내 신고 의무, 연간 2회 이상 위반 시 6개월간 신규초청 불허
강제노동·인신매매·임금체불·성폭력·성희롱 등 적발 시 연수중단
연수 부실방지를 위해 최근 1년간 국민 교육생 유치실적 100명 이하인 교육기관은 연수생 초청 제한",,,,"연수기관 당 총 300명 이내

[표]
초청인원 대비 불법체류율 제재 기준

15명 이하: 30%
16명 ~ 50명: 20%
51명 이상: 15%",우수사설 교육기관,연수기관 소재지 관할 출입국·외국인관서장 (사증발급인정서 발급),"[필수서류]
연수생 준비서류
- 최종학력 입증서류(공증) 및 입학허가서(교육기관장 발행)
- 재정능력 입증서류(잔고증명, 부모 재정능력 등)
- 등록금 또는 교육비 납입증명서
- 한국어 능력 입증서류(토픽 1급 이상, 세종학당 초급1 과정 이상 수료증; 2026.1.1.부터 토픽 2급 이상, 세종학당 초급2 이상으로 상향)
연수기관 준비서류
- 교육기관설립관련 서류
- 교육기관 법인등기부등본
- 사업자등록증 또는 고유번호증 사본
- 연수계획서(강의시간표, 강사구성표, 연수시설, 학비 등 포함)
- 기숙사 보유 입증서류
- 학원설립·운영 등록증(교육청 발행, 직업기술과정)
- 직업능력개발훈련법인 설립허가서(해당시)
- 상장기업 입증서류 및 교육기관 연계·설립 입증서류(국내상장기업 연계 또는 설립기관에 한함)
- 대학부설 시설 전문교육기관 입증서류(대학부설 교육기관에 한함)
- 해외 교육기관 국내지사 또는 독점 운영계약자 입증서류(해외교육기관 국내지사에 한함)
- 학습과정 평가 인정서(교육부장관 발행)
- 교육기관의 국민 교육생 유치 실적 증빙 서류
- 기타 교육기관 정상운영 및 교육과정 정상 운영 능력 입증 서류","한국 우수 사설 교육기관에서 연수받으려면 어떤 비자 받아요?
D-4-6 연수 비자 받으려면 한국어 능력 어느 정도여야 해요?
교육기관이 갖춰야 할 시설 기준은 어떻게 돼요?",p.83~87,어학원·기관 입학 또는 대학생 단기연수,D-2 유학 (정규과정 진학),-,"일반연수, 어학연수, 한국어"
D-4,D-4,사증,사증발급인정서,그 밖의 연수를 받고자 하는 자에 대한 일반연수(D-4) 사증발급인정서,"그 밖의 연수를 받고자 하는 외국인 (D-4-1, D-4-2K, D-4-3, D-4-5, D-4-6 외 일반연수)",D-4 활동범위 해당 (D-2 자격 교육기관 외 일반 교육기관/기업체/단체 등에서 교육·연수·연구),사증발급인정서 신청·발급(출입국·외국인청) → 사증발급 신청·발급(재외공관) → 입국,,(매뉴얼 별도 명시 없음 - D-4 일반 준용),2년 (D-4 상한 준용),2년 (D-4 상한),,,,,,연수기관 (그 밖의 연수기관),출입국·외국인청(사무소·출장소)장 (사증발급인정서 발급),"[필수서류]
- 사증발급인정신청서 (별지 제21호 서식), 여권사본, 표준규격사진 1매
- 연수(연구 활동)를 증명하는 서류 (연수일정 포함된 연수계획서 등)
- 연수기관의 설립관련서류
- 재정입증 관련서류 (연수기관 경비 부담 시 경비부담 확인서; 그 밖은 국내송금이나 환전증명서 미화 3천불 이상)
- 신원보증서 (학비 등 체류중 필요한 경비지불능력 미입증 또는 법무부장관이 특히 필요하다고 인정하는 경우)
- 전 가족 기재된 호구부 및 거민증 사본 (중국인의 경우)","그 밖의 일반 연수 비자를 받으려면 어떤 서류 내요?
연수 비자 신청 시 재정 증명은 어느 정도 있어야 해요?
중국 국적이면 어떤 서류를 추가로 내야 해요?",p.87,어학원·기관 입학 또는 대학생 단기연수,D-2 유학 (정규과정 진학),-,"일반연수, 어학연수, 한국어"
D-5,D-5,사증,사증발급,"외국 보도기관에서 파견되거나 계약 체결하여 국내에서 주재하면서 취재·보도활동을 하는 자

국내에 지사나 지국이 이미 개설된 보도기관에 파견되어 활동 하고자 하는 자와 그 동반가족(체류자격 F-3)",외국 신문·방송·잡지·기타 보도기관에서 파견되거나 계약 체결하여 국내 주재 취재·보도활동을 하는 자 (국내 지사·지국 이미 개설 보도기관 파견자는 동반가족 포함),"외국의 신문, 방송, 잡지, 기타 보도기관으로부터 파견되어 국내에 주재하면서 취재·보도 활동을 하는 자
외국의 보도기관과의 계약에 의하여 국내에서 주재하면서 취재·보도 활동을 하는 자
국내에 지사나 지국이 이미 개설된 외국의 신문, 방송, 잡지, 기타 보도기관으로부터 파견되어 국내에서 취재·보도활동을 하는 자",재외공관 사증발급 신청 → 발급 → 입국 (국내 지사·지국 개설된 보도기관 파견자에 한해 공관장 재량),,체류기간 1년 이하 단수사증,1년 이하 (공관장 재량 발급),2년,"체류기간이 90일 이하인 경우에는 일시취재(C-1)자격에 해당
외국의 보도기관 국내 지사 등에서 취재·보도활동과 관련 없는 업무(통역, 행정업무, 운전기사 등의 행정요원과 코디네이터)는 제외
외국인이 대한민국의 보도기관과 계약을 맺고 행하는 활동은 취재(D-5) 자격에 해당되지 않음",,,,,"외국의 보도기관(외국에 본사를 둔 신문사·통신사·방송국 등)

국내 개설된 외국 보도기관 지사·지국","외국신문 지사·지국 설치 시 문화체육관광부장관에게 등록 (신문 등의 진흥에 관한 법률 제28조)
외국 정기간행물 지사·지국 설치 시 문화체육부장관에게 등록 (잡지 등 정기간행물의 진흥에 관한 법률 제29조)
뉴스통신사업: 전파법 무선국 허가 또는 정보통신체제 갖춰 외국 뉴스통신사와 계약 체결 후 문화체육관광부장관 등록","[필수서류]
- 사증발급신청서 (별지 제17호 서식), 여권, 표준규격사진 1매, 수수료
- 파견명령서 또는 재직증명서
- 국내 지국·지사 설치허가증이나 국내 지국·지사 운영자금 도입실적 증빙서류","외국 신문사 특파원으로 한국에서 1년 이상 취재하려면 어떤 비자예요?
외국 보도기관 계약직 기자도 같은 비자 받아요?
취재 비자는 한 번에 얼마나 머물 수 있어요?

국내 지국 있는 외국 신문사 특파원이 가족 데리고 가려면 서류 어떻게 내요?
취재 비자 공관 발급 신청 시 어떤 증빙이 필요해요?
파견명령서가 꼭 필요한가요?",p.89~90,외국 언론사·방송사 소속,"F-2 거주, F-5 영주",F-3 동반,"취재, 언론, 특파원"
D-5,D-5,사증,사증발급인정서,"외국의 신문·방송·잡지·기타 보도기관으로부터 파견되어 국내에 주재하면서 취재·보도 활동을 하는 자
외국의 보도기관과의 계약에 의하여 국내에서 주재하면서 취재·보도 활동을 하는 자",,,,,,,,,,,,,외국 보도기관,,"[필수서류]
- 사증발급인정신청서 (별지 제21호 서식), 여권사본, 표준규격사진 1매
- 파견명령서 또는 재직증명서
- 국내지국·지사 설치허가증이나 국내 지국·지사 운영자금 도입실적 증빙서류 (국내에 지국·지사가 없거나 증명을 발급받을 수 없는 외신은 주무부처(문화체육관광부 해외문화홍보원)의 협조공문으로 갈음)

[기타서류]
대리인 신청시: 위임장, 대리인 재직증명서, 대리인 신분증 사본 추가 제출","외신 기자가 한국에 주재하려면 사증발급인정서를 어떻게 받아요?
국내 지국이 없는 외신은 어떤 서류로 갈음할 수 있어요?
대리인이 신청할 때 추가 서류는 뭐예요?",D-5 취재 / 사증발급인정서 (p. 83),외국 언론사·방송사 소속,"F-2 거주, F-5 영주",F-3 동반,"취재, 언론, 특파원"
D-6,D-6,사증,사증발급,"종교 활동 및 사회복지 활동

국내 종교·사회복지단체로부터 초청되어 사회복지활동에만 종사 하고자 하는 자",,"외국의 종교단체 또는 사회복지단체로부터 국내에 등록된 그 지부에 파견되어 근무하는 자
외국의 종교단체 또는 사회복지단체로부터 파견되어 국내 유관 종교단체에서 종교 활동을 하는 자
소속 종교단체가 운영하는 의료, 교육, 구호단체 등으로부터 초청되어 선교 또는 사회복지 활동에 종사하는 자 (종사하는 기관으로부터 보수를 받는 자는 제외)
국내 종교단체의 추천을 받아 그 종교단체에서 수도, 수련, 연구 활동을 하는 자
국내 종교단체 또는 사회복지단체로부터 초청되어 사회복지활동에만 종사하는 자",,,체류기간 1년 이하 단수사증,"2년
체류기간 1년 이하 단수사증",,"체류기간이 90일 이하인 경우에는 단기방문(C-3) 자격에 해당
종교인이 대한민국의 종교단체에 취직하여 행하는 활동은 종교(D-6) 자격에 해당되지 않음
종교인을 보조하는데 그치거나 스스로 포교 기타 종교상의 활동을 하지 않는 활동 내지 단지 신자로서의 활동은 D-6 자격 미해당
국내 단위교회에 목사 등으로 취임하는 경우 및 국가 기본이념에 상충되거나 공서양속 등 국민정서에 반하는 활동을 하는 교단관련 종교인은 사증발급 불가",,,,,"외국 종교단체·사회복지단체의 국내 지부 또는 국내 유관 종교단체 (초청자는 종단·교단의 대표자이며 단위 교회 목사 등은 초청자가 될 수 없음)

국내 종교·사회복지단체","종교인의 활동: 사제, 선교사, 전도사, 목사, 승려 등의 활동","[필수서류]
- 사증발급신청서 (별지 제17호 서식), 여권, 표준규격사진 1매, 수수료
- 파견명령서
- 종교단체 설립허가서 또는 사회복지단체 설립허가서 사본
- 소속단체의 체류경비 지원 관련서류","외국 종교단체에서 한국에 파견된 선교사는 어떤 비자 받아요?
종교 비자로 한국 들어와서 국내 교회에 정식 취직할 수 있어요?
종교 비자는 얼마 동안 머물 수 있어요?

국내 사회복지단체 초청으로 봉사하러 가려면 어떤 서류 내요?
종교 비자 공관 직접 발급은 어떤 경우에 받을 수 있어요?
체류경비 지원 서류는 어떤 거 내야 해요?",D-6 종교 (p. 83~85),종교단체 파송,"F-2 거주, F-5 영주",F-3 동반,"종교, 선교, 종교활동"
D-6,D-6,사증,사증발급인정서,외국의 종교·사회복지단체로부터 국내 지부에 파견·초청되어 종교·선교·사회복지 활동을 하는 자,,,,,,,,,,,,,,,"[필수서류]
- 사증발급인정신청서 (별지 제21호 서식), 여권사본, 표준규격사진 1매
- 초청사유서
- 파견명령서
- 종교단체 설립허가서 또는 사회복지단체 설립허가서 사본
- 고유번호증 사본 (종교단체 초청인 경우 종단(교단)과 단위교회(사찰) 모두 제출)
- 소속단체의 체류경비 지원 관련서류

[기타서류]
대리인 신청시: 위임장, 대리인 재직증명서, 대리인 신분증 사본 추가 제출","외국 종교단체 파견 선교사가 사증발급인정서 받으려면 어떤 서류 내요?
종교단체 사회복지 비자 신청 시 종단·교회 서류 둘 다 내야 해요?
초청자가 누구여야 인정서 받을 수 있어요?",D-6 종교 / 사증발급인정서 (p. 85~86),종교단체 파송,"F-2 거주, F-5 영주",F-3 동반,"종교, 선교, 종교활동"
D-7,D-7,사증,사증발급,"외국기업 국내지사 등에서 주재활동 또는 해외진출 기업 근무 외국인력 국내 본사 주재활동

중국인 국내주재지사 등의 주재원(공기업 또는 사기업에 1년 이상 고용된 직원) 및 그 동반가족(F-3)
해외진출 기업 근무 외국인력 국내 본사 주재활동 해당자
칠레인 한·칠레 자유무역협정 대상자",,"외국기업 국내지사 등에서 주재활동
- 외국의 공공기관, 단체 또는 회사의 본사, 지사, 기타 사업소 등에서 1년 이상 근무한 자로서 대한민국에 있는 그 계열회사, 자회사, 지점 또는 사무소 등에 필수전문인력으로 파견되어 근무하는 자
- 단, 기업투자(D-8)자격 해당자는 제외
- 국가기간산업 또는 국책사업 종사 시 또는 영업자금도입실적이 미화 50만 불 이상인 외국기업 국내지사에 파견되는 필수전문인력은 1년 이상 근무요건 미적용
해외진출 기업 근무 외국인력 국내 본사 주재활동
- 상장법인 또는 공공기관이 설립한 해외 현지법인이나 해외지점에서 1년 이상 근무한 자로서 대한민국 본사·본점에 파견되어 전문 지식·기술·기능을 제공하거나 전수받으려는 자
- 단, 상장법인의 해외 현지법인이나 해외지점 중 본사 투자금액 또는 영업기금이 미화 50만 달러 미만인 경우는 제외

필수전문인력 범위
- 임원(EXECUTIVE): 조직 관리 1차적 지휘, 의사결정 광범위 권한, 최고위 임원
- 상급관리자(SENIOR MANAGER): 기업·부서 목표·정책 수립·시행 책임자, 직원 고용·해고권
- 전문가(SPECIALIST): 연구·설계·기술·관리 등 필수적 고도 전문·독점 경험·지식 보유
해외지사 규모 기준
- 현지법인: 본사가 미화 50만불 이상 투자
- 해외지점: 본사가 미화 50만불 이상 영업기금 지급
- 공공기관은 투자금액 요건 미적용
사증발급 신청인: 해외지사 1년 이상 근무, 전문지식·기술·기능 보유, 원칙적으로 과장이나 선임연구원급 이상, 본사에서 전문인력으로 근무할 예정 및 해외지사 1년 이상 전문인력 근무 경력

칠레인 (한·칠레 FTA): 관리자나 임원의 자격으로 또는 전문지식과 관련된 자격으로서 일방 당사국 기업에 고용되어 그 기업·자회사·계열사에 서비스를 제공하고자 하는 기업인",,,"중국인 주재원 및 동반가족(F-3): 유효기간 2년 이내 복수사증
해외진출 기업 근무 외국인력 국내 본사 주재활동: 1년 이하 단·복수 사증
칠레인 한·칠레 FTA 대상자: 체류기간 1년의 단수사증","3년
칠레인 한·칠레 FTA 대상자: 체류기간 1년의 단수사증",,,,,,,"외국 공공기관·단체·회사의 국내 계열회사·자회사·지점·사무소 또는 상장법인·공공기관의 본사·본점

국내 외국기업 지사·연락사무소",법무부장관이 정하는 계열회사: 모회사 통해 연결된 자회사 간 또는 외국 회사 주식 50% 초과 보유 시 상호 계열회사,"[필수서류]
외국기업 국내지사 주재 (중국인 등)
- 사증발급신청서 (별지 제17호 서식), 여권, 표준규격사진 1매, 수수료
- 외국 소재 회사 등 재직증명서
- 파견명령서
- 국내지점 등 설치 입증서류 (지사 또는 연락사무소 설치허가서 사본)
- 지사 또는 연락사무소 정상 운영 입증서류 (영업자금 도입실적, 신규일 경우 운영계획서, 납세실적 등)
- 필수전문인력 입증서류 (이력서, 경력증명서 등)
해외진출 기업 근무 외국인력 국내 본사 주재활동
- 사증발급신청서, 여권사본, 표준규격사진 1매, 수수료
- 필수전문인력 입증서류 (이력서, 경력증명서 등)
- 본사 등기사항전부증명서 (본사가 공공기업인 경우 생략 가능)
- 해외직접투자신고수리서 또는 해외지점설치신고수리서
- 해외 송금확인 입증서류
- 해외지사 법인등기사항전부증명서 또는 사업자등록증
- 해외지사 재직증명서 및 납세사실증명
- 인사명령서(파견명령서, 파견기간 명시)","외국 본사 주재원으로 한국 지사에 파견되려면 어떤 비자예요?
필수전문인력에 해당하려면 어떤 직급이나 요건이 필요해요?
해외지사에 1년 미만 근무해도 주재비자 받을 수 있어요?

중국 회사 직원이 한국 지사에 주재원으로 가려면 어떤 서류 내요?
한국 상장사 해외지사에서 본사로 파견될 때 어떤 비자예요?
칠레 자유무역협정 대상자는 어떤 비자 받아요?",D-7 주재 (p. 86~87),동일 계열 외국기업 파견명령,"F-2 거주, F-5 영주",F-3 동반,"주재, 파견, 외국기업 지사"
D-7,D-7,사증,사증발급인정서,"외국기업 국내지사 등에서 주재활동 또는 해외진출 기업 근무 외국인력 국내 본사 주재활동

한·러 한시적 근로활동에 관한 협정 대상자
대표사무소 직원: 대한민국의 영역에 위치한 법인 또는 개인기업의 대표사무소에서 한시적으로 근무하는 러시아 국민
회사집단 직원: 모회사와 모회사가 직접 또는 간접적으로 통제하는 회사로 이루어진 집단(지사·지점, 연락사무소, 자회사, 계열회사)의 직원으로 해외에서 채용된 자

한·우즈벡 한시적 근로활동에 관한 협정 대상자
우즈베키스탄에 소재한 회사 집단과 근로계약을 체결한 자로서, 국내에 위치한 동일 회사 집단의 회사에서 근무하는 자

한·인도 사증절차간소화협정 관련 사증발급 대상자
고용방문자(Employment visitor): 정당하게 등록된 회사 또는 기관에 고용되거나 계약에 의하여 기술전문가, 임원, 관리자 등과 같이 숙련된 기술을 요하는 지위에 종사하거나 임용된 자
(예시) 기업내 전근자, 계약서비스 공급자 또는 이를 지원하는 자, 독립전문가 등

외국법자문사법에 따른 외국법자문사 등에 대한 사증발급
외국법자문법률사무소에 파견되는 구성원(대표자 등 임원급) 또는 소속 외국법자문사
외국법자문법률사무소에 파견되는 사무직원",,외국법자문사·임원급 구성원은 1년 이상 본사 근무요건 면제 → 경력증명서 등 제출 불요,,,고용관련 사증은 복수사증이므로 전부 사증발급인정서로 발급,,"체류자격: 계약내용 및 파견(고용)형태에 따라 주재(D-7), 기업투자(D-8), 무역경영(D-9), 연구(E-3), 기술지도(E-4), 특정활동(E-7) 등의 자격 부여
사증발급: 출입국·외국인청 사증발급인정서에 의해 발급",국내채용 직원은 특정활동(E-7) 자격에 해당,,,,,"러시아 모회사 또는 회사집단

우즈벡 회사 집단

인도법인의 한국 지사·계약법인

외국법자문법률사무소","외국법자문사 자격승인 (외국법자문사법 제6조, 법무부장관)
대한변호사협회 등록 (외국법자문사법 제10조제1항)","[공통서류]
- 사증발급인정신청서 (별지 제21호 서식), 여권, 표준규격사진 1매
- 초청사유서
- 필수전문인력 입증서류 (이력서, 경력증명서 등)

[필수서류]
외국기업 국내지사 등에서 주재활동 추가
- 외국 소재 회사 등 재직증명서
- 파견명령서
- 국내지점 등 설치 입증서류 (지사·연락사무소 설치허가서 사본 또는 신고수리서 사본)
- 지사·연락사무소 정상 운영 입증서류 (영업자금·연락사무소 운영자금 도입실적; 신규일 경우 운영계획서, 납세실적 등)
해외진출 기업 근무 외국인력 국내 본사 주재활동 추가
- 본사 등기사항전부증명서
- 해외직접투자신고수리서 또는 해외지점설치신고수리서
- 해외 송금확인 입증서류
- 해외지사 법인등기사항전부증명서 또는 사업자등록증
- 본사 납세사실증명
- 인사명령서(파견명령서, 파견기간 명시)

[기타서류]
대리인 신청시: 위임장, 대리인 재직증명서, 대리인 신분증 추가 제출

[필수서류]
- 사증발급인정신청서 (별지 제21호 서식), 여권, 표준규격사진 1매
- 본사발생 파견명령서
- 외국환매입증명서 등 영업자금 도입실적 입증서류
- 납세사실증명
- 국내지점 등 설치 입증서류 (지사·연락사무소 설치허가서 사본 또는 신고수리서 사본)
- 부가가치세법에 따른 사업자등록증

[공통서류]
- 사증발급인정신청서 (별지 제21호 서식), 여권, 표준규격사진 1매

[필수서류]
기업내 전근자
- 파견명령서 및 1년 이상의 재직증명서
- 지사 또는 연락사무소 설치허가서 사본
계약서비스 공급자 또는 이를 지원하는 자
- 고용주가 발행한 재직증명서, 인도정부발행 사업자등록증 등 회사·기관 설립 관련 서류
- 우리나라 회사·기관과의 서비스 공급계약 체결 입증 서류
독립전문가
- 고용 계약서 또는 용역계약서 등 계약을 입증하는 서류
- 학위증, 관련 분야 자격증, 1년 이상 해당 분야 취업경력 입증서류

[기타서류]
대리인 신청시: 위임장, 대리인 재직증명서, 대리인 신분증 추가 제출

[공통서류]
- 사증발급인정신청서 (별지 제21호 서식), 여권, 표준규격사진 1매

[필수서류]
외국법자문사·임원급 구성원
- 외국법자문법률사무소 등록증 (대한변호사협회 발행, 법 제18조)
- 국내지점 등 설치 신고서 (외국환은행 발행) 및 사업자등록증
- 외국환매입증명서 등 영업자금 도입실적 입증서류
- 파견명령서 (본사발행, 파견기간 명시)
- 외국법자문사 등록증 (대한변호사협회 발행, 법 제10조)
파견 사무직원
- 외국법자문법률사무소 등록증 (대한변호사협회 발행)
- 국내지점 등 설치 신고서 및 사업자등록증
- 외국환매입증명서 등 영업자금 도입실적 입증서류
- 파견명령서 (본사발행, 파견기간 명시)
- 경력증명서 (본사 1년 이상 근무요건 충족 여부 확인)

[기타서류]
대리인 신청시: 위임장, 대리인 재직증명서, 대리인 신분증 추가 제출","외국 회사의 한국 지사 주재 사증발급인정서 신청에 어떤 서류 필요해요?
한국 본사 파견 받는 외국인 직원은 어떤 서류 내요?
필수전문인력임을 어떻게 증명해요?

러시아 본사 직원이 한국 대표사무소에서 근무하려면 어떤 비자예요?
한·러 협정 대상자 비자 신청에 어떤 서류 내요?
국내에서 채용된 러시아 직원도 같은 비자로 신청 가능해요?

우즈베키스탄 회사 집단 소속으로 한국 지점에 근무하려면 어떤 비자예요?
한·우즈벡 협정 대상자 신청 서류는 어떻게 돼요?
한국 동일 회사 그룹사 채용도 신청 가능해요?

인도 기술전문가가 한국 회사에 파견될 때 어떤 비자예요?
인도 독립 컨설턴트가 한국 기업에 서비스 제공하려면 어떤 서류 내요?
한·인도 협정 비자도 복수사증으로 받을 수 있어요?

외국 변호사가 한국 외국법자문사 사무소에 파견될 때 어떤 비자예요?
외국법자문법률사무소 사무직원도 신청 가능해요?
외국법자문사는 1년 이상 본사 근무 요건이 면제되나요?",D-7 주재 / 사증발급인정서 (p. 88),동일 계열 외국기업 파견명령,"F-2 거주, F-5 영주",F-3 동반,"주재, 파견, 외국기업 지사"
D-8,D-8,사증,사증발급,외국인투자기업 종사 필수전문인력 또는 벤처기업·기술창업자,,"1. 외국인투자촉진법에 따른 외국인투자기업 대한민국 법인의 경영·관리 또는 생산·기술 분야 종사 필수전문인력 [D-8-1, 설립완료 법인만 해당, 국내에서 채용하는 사람은 제외]
2. 지식재산권을 보유하는 등 우수한 기술력으로 벤처기업육성에 관한 특별조치법 제2조의2제1항제2호다목에 따른 벤처기업을 설립한 사람 중 벤처기업 확인을 받은 기업의 대표자 또는 기술성이 우수한 것으로 평가받은 기업의 대표자 [D-8-2]
3. 외국인투자촉진법에 따른 외국인투자기업인 대한민국 국민(개인) 경영 기업의 경영·관리 또는 생산·기술 분야 종사 필수전문인력 [D-8-3, 국내에서 채용하는 사람은 제외]
4. 국내에서 전문학사 이상의 학위 취득 사람, 또는 국외에서 학사 이상의 학위 취득 사람, 또는 관계 중앙행정기관의 장이 추천한 사람으로서 지식재산권을 보유하거나 이에 준하는 기술력 등을 가진 법인 창업자 [D-8-4]",,,,,"외국인 투자기업에서의 주재활동: 5년
벤처기업 육성에 관한 특별조치법 벤처기업 설립자: 2년 (예비 벤처기업은 6개월)
기술창업자 D-8-4: 2년 (스타트업 코리아 특별비자 대상자 중 법인 미설립자는 6개월)","제한 업종 (D-8 자격 부여 등 억제)
- 사행행위 등 규제 및 처벌 특례법 제2조제1항제2호 및 동법 시행령 제1조의2 사행행위 영업 (복권발행업, 현상업, 회전판돌리기업, 추첨업, 경품업)
- 식품위생법 시행령 제21조제8호 단란주점(다목), 유흥주점(라목)
개인사업자는 대한민국 법인 또는 국민이 경영하는 기업이어야 함 (외국인 개인사업자는 외국인투자기업 미해당)",,,,,외국인투자기업·벤처기업·국민 경영 기업,3억원 미만 소액 개인투자가는 정밀 심사,,"외국인이 한국에 투자해서 회사 차리려면 어떤 비자예요?
한국에서 스타트업이나 벤처로 창업하려면 어떤 비자 받아요?
기업투자 비자는 얼마 동안 머물 수 있어요?",D-8 기업투자 (p. 97),외국인투자촉진법상 1억원 이상 투자,F-5-5 (5억 이상) / F-5 영주,F-3 동반,"기업투자, 외국인투자, 창업"
D-8 (D-8-1),D-8,사증,사증발급,외국인투자촉진법의 규정에 의한 외국인 투자기업에서의 주재활동 해당자 (특정국가 제외),,"기본요건
- 투자대상이 대한민국 법인(설립완료 법인만 해당)일 것
- 투자금액이 1억원 이상으로 의결권 있는 주식총수의 100분의 10이상 소유 또는 주식 소유 + 임원 파견·선임 계약 체결
투자자금은 투자자 본인 명의 금액 원칙. 배우자·미성년 자녀 명의 반입·대리송금 예외적 인정. 투자금 3억원 이상은 부모·배우자 부모 명의 반입·대리송금 추가 인정","신청기관: 원칙적으로 신청자의 본국에 소재한 대한민국 공관
신청인이 해외에 주재하며 사업체 운영 중(영주권 소지 등 장기거주자 포함)이면 주재 국가 재외공관에서 신청 가능",,,,,,,,,,외국인투자기업 (대한민국 법인),,"[필수서류]
- 사증발급신청서 (별지 제17호 서식), 여권, 표준규격사진 1매, 수수료
- 주재활동의 경우 파견명령서(파견기간 명시) 및 재직증명서
- 외국인투자기업등록증 사본
- 사업자등록증 사본, 법인등기사항전부증명서, 주주변동상황명세서 원본
- 투자자금 도입관련 입증서류
  현금출자: 해당국 세관이나 본국 은행(금융기관)의 외화반출허가(신고)서, 투자자금 도입 내역서 (송금확인증, 외국환 매입증명서, 세관신고서 등)
  현물출자: 현물출자완료 확인서 사본(관세청장 발행), 세관 수입신고필증 사본

[기타서류]
투자금액 3억원 미만 개인투자자에 대한 추가서류
- 자본금 사용내역 입증서류 (물품구매 영수증, 사무실 인테리어 비용, 국내은행 계좌 입출금 내역서 등)
- 사업장 존재 입증 서류 (사무실 임대차 계약서, 사업장 전경·사무공간·간판 사진 등 자료)
- 해당 업종 또는 분야의 사업 경험 관련 국적국 서류 (필요시 징구)","한국 법인에 1억원 이상 투자해서 일하러 가려면 어떤 서류 내요?
투자금이 3억원 미만이면 추가로 어떤 서류가 필요해요?
배우자 명의로 송금된 투자금도 인정돼요?",D-8-1 외국인 투자기업 주재활동 (p. 97),외국인투자촉진법상 1억원 이상 투자,F-5-5 (5억 이상) / F-5 영주,F-3 동반,"기업투자, 외국인투자, 창업"
D-8 (D-8-2),D-8,사증,사증발급,"벤처기업 육성에 관한 특별조치법에 따라 벤처기업을 설립한 자 등 (중국, 특정국가 제외)",,"기본요건: 지식재산권을 보유하는 등 우수한 기술력으로 벤처기업육성에 관한 특별조치법 제2조의2제1항제2호다목에 따른 벤처기업 설립(또는 설립예비) 사람 중 벤처기업 확인(또는 예비 벤처기업 확인)을 받은 기업의 대표자 또는 기술성이 우수한 것으로 평가받은 기업의 대표자
기술평가보증기업 및 예비벤처기업(법인설립 또는 사업자등록 준비 중 또는 창업 후 6개월 이내 기업)도 해당
벤처기업 확인은 기술신용보증기금, 중소기업진흥공단 또는 한국벤처캐피탈협회
기술성 평가는 기술신용보증기금 또는 중소기업진흥공단",신청기관: 원칙적으로 신청자의 본국에 소재한 대한민국 공관 (해외 사업체 운영 시 주재국 공관도 가능),,,,,,,,,,벤처기업,"벤처기업 확인서 (기술신용보증기금, 중소기업진흥공단, 한국벤처캐피탈협회 발급)
기술성 우수평가서 (기술신용보증기금 또는 중소기업진흥공단)","[필수서류]
- 사증발급신청서 (별지 제17호 서식), 여권사본, 표준규격사진 1매, 수수료
- 사업자등록증 사본, 법인등기사항전부증명서
- 벤처기업확인서 또는 예비벤처기업확인서
- 지식재산권을 보유하는 등 우수한 기술력을 가지고 있음을 입증하는 서류
  특허증·실용신안등록증·디자인등록증·상표등록증(특허청), 저작권등록증(한국저작권위원회) 등 사본
  기술신용보증기금 또는 중소기업진흥공단의 기술성 우수평가서","벤처기업 대표로 한국에 창업하려면 어떤 비자 받아요?
벤처기업 확인은 어디서 받아요?
예비 벤처기업도 신청할 수 있어요?",D-8-2 벤처기업 설립자 (p. 97~98),외국인투자촉진법상 1억원 이상 투자,F-5-5 (5억 이상) / F-5 영주,F-3 동반,"기업투자, 외국인투자, 창업"
D-8 (D-8-3),D-8,사증,사증발급,국민이 경영하는 기업에 투자하는 외국인 (대한민국 국민(개인) 경영 기업),,"기본요건
- 투자대상이 대한민국 국민(개인) 경영 기업일 것
- 투자금액 1억원 이상, 기업 출자총액의 100분의 10 이상 소유 및 사업자등록증상 한국인과 공동대표로 등재
- 공동사업자인 국민의 사업자금이 1억원 이상일 것
투자자금은 투자자 본인 명의 원칙, 배우자·미성년 자녀 명의 반입·대리송금 예외적 인정, 투자금 3억원 이상은 부모·배우자 부모 명의 추가 인정",신청기관: 원칙적으로 신청자의 본국 소재 대한민국 공관 (해외 사업체 운영 시 주재국 공관도 가능),,,,,3억 미만 소액투자자로서 사업 경험이 없는 자는 정밀심사,,,,,대한민국 국민(개인) 경영 기업,,"[필수서류]
- 사증발급신청서 (별지 제17호 서식), 여권, 표준규격사진 1매, 수수료
- 외국인투자기업등록증 사본
- 공동사업자인 국민의 사업자금(사용 내역) 입증서류
- 공동사업자가 표시된 사업자등록증 사본, 공동사업자약정서 원본
- 투자자금 도입관련 입증서류
  현금출자: 외화반출허가(신고)서, 송금확인증, 외국환 매입증명서, 세관신고서 등
  현물출자: 현물출자완료 확인서 사본(관세청장 발행), 세관 수입신고필증 사본

[기타서류]
투자금액 3억원 미만 신청자에 대한 추가서류
- 자본금 사용내역 입증서류
- 사업장 존재 입증 서류
- 해당 업종 또는 분야의 사업 경험 관련 국적국 서류 (필요시)","한국 사람이 운영하는 회사에 외국인이 공동대표로 투자하려면 어떤 비자예요?
공동대표로 등재되려면 투자금이 어느 정도 있어야 해요?
공동사업자인 국민의 사업자금도 입증해야 하나요?",D-8-3 국민이 경영하는 기업 투자 (p. 98~100),외국인투자촉진법상 1억원 이상 투자,F-5-5 (5억 이상) / F-5 영주,F-3 동반,"기업투자, 외국인투자, 창업"
D-8 (D-8-4),D-8,사증,사증발급,"국내에서 전문학사 이상 또는 국외 학사 이상 학위 취득자, 또는 관계 중앙행정기관의 장이 추천한 사람으로 지식재산권 보유 또는 이에 준하는 기술력을 가진 기술창업자",,"기본요건
- 국내 전문학사 이상 학위 또는 국외 학사 이상 학위 취득자, 또는 관계 중앙행정기관의 장 추천 사람 (학위는 이미 취득한 경우만 인정, 취득 예정자 제외)
- 지식재산권 보유 또는 이에 준하는 기술력 보유
- 대한민국 법인 설립하고 법인등기 및 사업자등록 완료
지식재산권: 특허권·실용신안권·디자인권·상표권·저작권 등 국내법 인정
이에 준하는 기술력: 중소기업창업지원법 등 법률 근거 정부지원 사업에 선정된 외국인의 창업아이템 (선정 당사자에 한함)","신청기관: 원칙적으로 신청자의 본국 소재 대한민국 공관 (해외 사업체 운영 시 주재국 공관도 가능)
지식재산권 검색: 특허청 키프리스 (www.kipris.or.kr)",,,,,,,,"점수제 적용 (글로벌창업이민센터 OASIS 항목 이수, 입상, 선정공문 등 점수)",,,관계 중앙행정기관의 장 추천 가능,"[필수서류]
- 사증발급신청서 (별지 제17호 서식), 여권, 표준규격사진 1매, 수수료
- 법인등기사항전부증명서 및 사업자등록증 사본
- 학위증명서 사본 또는 관계 중앙행정기관의 장의 추천서
- 점수제 해당 항목(및 점수) 입증 서류
  지식재산권 보유(등록)자: 특허증·실용신안등록증·디자인등록증 사본
  특허 등 출원자: 특허청장 발행 출원사실증명서
  글로벌창업이민센터의 장 발급 창업이민 종합지원시스템(OASIS) 해당 항목 이수(수료, 졸업) 증서, 입상확인서, 선정공문 등
  기타 점수제 해당 항목 등 입증서류","한국에서 기술 창업하려는 외국인이 받을 수 있는 비자는 뭐예요?
학위와 지식재산권이 모두 필요해요?
창업이민 종합지원시스템 점수는 어디서 받아요?",D-8-4 기술창업자 (p. 100~101),외국인투자촉진법상 1억원 이상 투자,F-5-5 (5억 이상) / F-5 영주,F-3 동반,"기업투자, 외국인투자, 창업"
D-8 (D-8-4S),D-8,사증,사증발급,"스타트업 코리아 특별비자 민간평가위원회의 평가를 받고, 중소벤처기업부 장관의 추천을 받은 기술창업자",,"스타트업 코리아 특별비자 추천 민간평가위원회의 심사 승인을 받은 자
중소벤처기업부장관으로부터 기술창업 체류자격 변경허가 또는 사증발급을 위한 추천을 받았을 것
대한민국 법인을 설립하고 법인등기 및 사업자등록을 완료하였을 것","신청기관: 원칙적으로 신청자의 본국 소재 대한민국 공관
법인설립 미완료 시: 법인등기사항전부증명서 및 사업자등록증 사본 제출 생략 가능, 입국 후 체류기간(6개월) 이내 제출하여 체류기간 연장 필요",,,,6개월 (법인 미설립자),,,,,,,중소벤처기업부 장관 추천 및 스타트업 코리아 특별비자 추천 민간평가위원회 심사,"[필수서류]
- 사증발급신청서 (별지 제17호 서식), 여권, 표준규격사진 1매
- 법인등기사항전부증명서 및 사업자등록증 사본 (제출 가능 시)
- 스타트업 코리아 특별비자 추천서 (중소벤처기업부 발급)","스타트업 코리아 특별비자는 어떻게 신청해요?
중소벤처기업부 추천 받으려면 어떤 절차가 있어요?
법인 설립 전에도 비자 받을 수 있어요?",D-8-4S 스타트업 코리아 특별비자 (p. 101),외국인투자촉진법상 1억원 이상 투자,F-5-5 (5억 이상) / F-5 영주,F-3 동반,"기업투자, 외국인투자, 창업"
D-8,D-8,사증,사증발급인정서,"한·러 한시적 근로활동에 관한 협정 대상자
기업대표: 러시아 국가의 법령 또는 법인·개인기업의 설립 문서(정관)에 따라 대한민국의 영역에서 실체에 대한 통제나 관리를 수행하는 자

한·우즈벡 한시적 근로활동에 관한 협정 대상자
외국 자본 참여 사업체의 대표 또는 전문직원: 대한민국 영역에서 상업활동을 수행하는 외국 자본 참여 사업체의 대표 또는 전문직원인 우즈베키스탄 국민기업대표",,,,,,,,,,,,,,,"[필수서류]
- 사증발급인정신청서 (별지 제21호 서식), 여권사본, 표준규격사진 1매
- 파견명령서(파견기간 명시) 또는 재직증명서
- 외국인 투자신고서 또는 투자기업등록증 사본
- 등기부등본 및 사업자등록증 사본

[기타서류]
대리인 신청시: 위임장, 대리인 재직증명서, 대리인 신분증 추가 제출","러시아 기업대표가 한국 법인 운영 위해 가려면 어떤 비자예요?
한·러 한시적 근로협정 비자 신청은 어떻게 해요?
러시아 기업대표 비자 발급은 어디서 받아요?

우즈베키스탄 기업대표가 한국에서 외국 투자 사업체 운영하려면 어떤 비자예요?
한·우즈벡 협정 대상자 사증발급인정서 신청 서류는 어떻게 돼요?
파견기간 명시된 명령서가 꼭 필요해요?",D-8 한·러 한시적 근로협정 (p. 101~102),외국인투자촉진법상 1억원 이상 투자,F-5-5 (5억 이상) / F-5 영주,F-3 동반,"기업투자, 외국인투자, 창업"
D-9,D-9,사증,사증발급,"회사 경영, 무역, 영리사업 또는 수출설비 설치·운영·보수, 선박건조 및 산업설비 제작·감독, 회사경영 영리사업

산업설비(기계) 도입회사에 파견 또는 초청되어 그 장비의 설치·운영·보수(정비)에 필요한 기술을 제공하는 자

선박건조 및 산업설비 제작·감독을 위하여 파견되는 자 (발주자 또는 발주자가 지정하는 전문용역 제공회사에서 파견되는 자)

외국인 개인사업자에 대한 무역경영(D-9) 자격 (2012.10.29.부터 시행)
외국환거래법 및 외국환거래규정에 따라 3억원 이상의 외자를 도입한 후 부가가치세법에 의한 사업자등록을 필한 자로 국내에서 회사를 경영하거나 영리사업을 하고자 하는 자
외국인투자촉진법에 따라 외국인투자신고 후 투자기업등록증을 발급받은 자본금 3억원 이상의 개인사업자",,"회사 경영, 무역, 영리사업 (대외무역법령 및 대외무역관리규정에 의하여 한국무역협회장으로부터 무역거래자별 무역업 고유번호를 부여받은 무역거래자)
수출설비(기계)의 설치·운영·보수 (산업설비 도입회사에 파견 또는 초청되어 그 장비의 설치·운영·보수에 필요한 기술 제공자)
선박건조 및 산업설비 제작·감독 (발주사 또는 발주사가 지정하는 전문용역 회사 파견 필수전문인력 - 임원, 상급관리자, 전문기술자 등)
회사경영, 영리사업 (대한민국에 회사를 설립하여 사업을 경영하거나 영리활동을 하는 자)

최근 1년간 對韓 수출입실적이 50만 불 이상인 무역거래자에 한함",신청기관: 원칙적으로 신청자의 본국에 소재한 대한민국 공관 (해외 사업체 운영 시 주재국 공관도 가능),,"체류기간 1년 이하 단수사증
투자금액, 업종 등을 고려하여 1년 이하의 단수사증 공관장 재량발급","2년
체류기간 1년 이하 단수사증",,,,,,,"산업설비 도입회사, 선박건조·산업설비 발주사 등

산업설비 도입회사

선박·산업설비 발주사 또는 전문용역 제공회사","한국무역협회장 발행 무역업 고유번호 부여서
외국환은행장·한국무역협회장·지식경제부장관 지정기관장 발행 수출입실적증명서","[필수서류]
- 사증발급신청서 (별지 제17호 서식), 여권, 표준규격사진 1매, 수수료
- 설비도입계약서 또는 산업설비도입 입증서류
- 파견명령서
- 초청회사의 사업자등록증 사본 또는 법인등기사항전부증명서
- 연간 납세사실증명서

[필수서류]
- 사증발급신청서 (별지 제17호 서식), 여권사본, 표준규격사진 1매, 수수료
- 수주계약서 사본
- 파견명령서
- 초청회사의 사업자등록증 사본 또는 법인등기사항전부증명서
- 연간 납세사실증명서

[필수서류]
- 사증발급신청서 (별지 제17호 서식), 여권사본, 표준규격사진 1매, 수수료
- 사업자등록증 사본, 영업허가증 사본 (해당자), 투자기업등록증 (소지자)
- 공동사업약정서 원본 및 사본 (해당자; 총 자본금, 지분 및 수익금 분배방법 등 포함)
- 사업자금 도입관련 입증서류 (송금확인증, 외국환 매입증명서, 세관신고서, 해당국세관 반출신고서 등)
- 자본금 사용내역 입증서류 (물품구매 영수증, 사무실 인테리어 비용, 국내은행 계좌 입출금 내역서 등)
- 영업실적 입증서류 (수출입면장, 부가세예정 또는 확정 신고서 등; 사증신청 전 단기사증 C-3-4 등으로 영업행위 시)
- 사업장 존재 입증서류 (임대차계약서, 사업장·사무공간·간판 사진 등 자료)
- 국민고용예정서약서 (해당자)","한국에서 무역업이나 영리사업 하려면 어떤 비자 받아요?
수입 기계 설치·보수 기술자가 한국 파견 가는 비자도 D-9예요?
무역경영 비자는 한국에 얼마나 머물 수 있어요?

수입한 산업설비 설치·보수하러 한국 가려면 어떤 서류 내요?
파견명령서가 꼭 필요한가요?
설비도입계약서로 입증할 수 있는 활동은 어떤 거예요?

선박 건조 감독하러 한국 가려면 어떤 비자 받아요?
발주사에서 파견되는 전문기술자의 서류는 어떻게 돼요?
선박건조 D-9 비자는 얼마짜리예요?

외국인 개인사업자로 한국에서 회사 차리려면 어떤 비자예요?
개인사업자 D-9 비자 신청에 어떤 서류 내요?
3억원 미만 투자해도 신청 가능해요?",D-9 무역경영 (p. 111),국내외 무역·수출 경영,F-5 영주,F-3 동반,"무역경영, 산업기술, 수출"
D-9,D-9,사증,사증발급인정서,"무역비자 점수제 해당자
총 160점 중 60점 이상 득점자로서, 필수항목 점수가 10점 이상인 자

한·인도 사증절차간소화협정 관련 사증발급 대상자
고용방문자(Employment visitor): 정당하게 등록된 회사 또는 기관에 고용되거나 계약에 의하여 기술전문가, 임원, 관리자 등과 같이 숙련된 기술을 요하는 지위에 종사하거나 임용된 자",,"신청자 본인 명의로 사업자등록을 완료하였을 것
신청일 기준 3년 이내에 출입국관리법을 위반한 사실이 없을 것",,,사증발급: 출입국·외국인청 사증발급인정서 (고용관련 사증은 복수사증),,"체류자격: 계약내용 및 파견(고용)형태에 따라 D-7, D-8, D-9, E-3, E-4, E-7 등",,,,"무역비자 점수제 총 160점, 필수항목 10점 이상, 총점 60점 이상",,,,"[필수서류]
- 사증발급인정신청서, 여권사본 등 공통제출 서류
- 사업자등록증 사본
- 무역업 고유번호부여증(한국무역협회 발행) 사본
- 공동사업약정서 원본 및 사본 (공동 사업자인 경우; 총 자본금, 지분 및 수익금 분배방법 등 포함)
- 사업장 존재 입증서류(임대차계약서 등)
- 점수제 해당 점수 입증서류
  무역실적: 한국무역협회장 발행 수출입실적증명서
  무역분야 전문성: 경력증명서, 학위증, 교육이수증 등 (붙임3 기관·과정 이수자에 한함)
  기타: 자본금 입증서류, TOPIK 점수표, 사회통합프로그램 이수증 등

[공통서류]
- 사증발급인정신청서 (별지 제21호 서식), 여권, 표준규격사진 1매

[필수서류]
기업내 전근자
- 파견명령서 및 1년 이상의 재직증명서
- 지사 또는 연락사무소 설치허가서 사본
계약서비스 공급자 또는 이를 지원하는 자
- 고용주가 발행한 재직증명서, 인도정부발행 사업자등록증 등 회사·기관 설립 관련 서류
- 우리나라 회사·기관과의 서비스 공급계약 체결 입증 서류
독립전문가
- 고용 계약서 또는 용역계약서 등 계약을 입증하는 서류
- 학위증, 관련 분야 자격증, 1년 이상 해당 분야 취업경력 입증서류

[기타서류]
대리인 신청시: 위임장, 대리인 재직증명서, 대리인 신분증 추가 제출","무역비자 점수제는 어떤 기준으로 점수 매겨요?
무역비자 인정서 신청에 무역실적 증명이 필요해요?
무역 점수제 60점 안 나오면 안 되나요?

인도 기술전문가가 한국 기업 무역경영 계약직으로 가려면 어떤 서류 내요?
인도 독립전문가도 한·인도 협정으로 비자 받을 수 있어요?
한·인도 협정 비자는 단수예요 복수예요?",D-9 무역비자 점수제 (p. 112~113),국내외 무역·수출 경영,F-5 영주,F-3 동반,"무역경영, 산업기술, 수출"
D-10,D-10,사증,사증발급,"구직 자격 (일반구직 D-10-1, 기술창업준비 D-10-2, 첨단기술인턴 D-10-3, 최우수인재 D-10-T)

재외공관장이 재량으로 체류기간 6개월의 단수 구직(D-10)사증 발급",,"교수(E-1)·회화지도(E-2)·연구(E-3)·기술지도(E-4)·전문직업(E-5)·예술흥행(E-6)·특정활동(E-7) 자격 해당 분야 취업 위해 연수나 구직활동 등을 하려는 자 (예술흥행 E-6 중 유흥업소 E-6-2 제외, 순수예술·스포츠분야만 허용; E-7 자격 중 준전문인력·숙련기능인력은 해외신청 불가)
기업투자(D-8) 자격 다목 해당 기술창업 준비 등을 하려는 자
해외 우수 대학(THE 200위, QS 500위 이내 본교) 첨단기술 분야 학사과정 이상 재학생 또는 학위취득 후 3년 이내 졸업생으로 만 30세 미만(석사 이상 만 35세)
세계 대학 순위 100위 이내 대학의 석사 이상 학위 취득자 (최우수인재 D-10-T)","신청관할: 자국 또는 거주 중인 국가(제3국) 소재 한국공관 (관광 등 단기간 일시적 체류 중인 국가는 원칙적 제외)
해외 발급 서류는 반드시 한글 또는 영어 번역 후 아포스티유 인증 또는 자국정부 공증",,체류기간 6개월 단수 (협정 체결국 국민은 유효기간 2년 체류기간 6월 복수),체류기간 6개월 단수 (협정 체결국 국민은 유효기간 2년 체류기간 6월 복수),"1년 (기본)
1회 최대 6개월: D-10-1 ①요양보호사 전문연수 과정 수료자 ②구직비자 점수제 60점이상~80점미만 ③전문직종(E-1~E-7) 근무 경력자 ④주한 외국공관 인턴 직원
1회 최대 6개월: D-10-2 ①특허권·실용신안권·디자인권 출원 중인 사람 ②창업이민종합지원시스템(OASIS) 중 1개 이상 과정 이수자 ③창업이민 점수제 필수항목 중 1개 이상 해당자",,"구직사증에 대한 복수사증발급협정이 체결된 국가 국민에게는 유효기간 2년, 체류기간 6월의 복수사증 발급",,"[표]
세부약호

D-10-1 일반구직 ('18.10월 점수제 전환)
D-10-2 기술창업준비 ('14.4. 신설)
D-10-3 첨단기술인턴 ('22.8. 신설)
D-10-T 최우수인재 ('25.4. 신설)",,,,"[공통서류]
공통서류
- 신청서, 사진, 여권 사본, 수수료, 신분증 사본
- 구직활동 계획서
- 학위증 (졸업증명서, 학위취득증명서도 인정; 유학생정보시스템 확인 시 면제)
- 대학 순위 소명자료 (세계 대학순위 적용 대상자)
- 근무경력 증빙서류 (해당자; 근무기간, 장소, 직종 등 포함된 경력증명서 또는 재직증명서)
- 국내 연수 활동 증빙서류 (해당자)
- 한국어능력 입증서류 (해당자)
- 추천서 (해당자; 부처 발행 고용추천서 또는 공관 내부추천 문서)
- 고소득 전문가 입증서류 (해당자; 자국 공공기관 발행 전년도 근로소득 입증서류)
- 체재비 입증서류 (연도별 1인 가구 주거급여 기준액 × 체류개월 수 이상 금액 예치 잔고증명서)
- 기타 점수제 평가에 필요한 서류

[기타서류]
점수제 면제 대상자 서류
- 국내 대학 졸업 후 최초 구직자격 변경: 국내 정규 대학 전문학사 이상 학위증 (체재비 입증서류 면제; 사증발급은 졸업일로부터 1년 이내만 인정)
- 한국어능력 우수자: 국내 정규 대학 학위증 + 사회통합프로그램 중간평가 합격증 또는 사전평가 점수표(81점 이상), TOPIK 4급 이상 유효 성적표 (체재비 면제)
- 유망인재: 학위증 + THE/QS 세계 대학순위 200위 이내 대학 소명자료 + TOPIK 6급 유효 성적표 (체재비 면제)
- 주한 공관 근무 인턴 직원: 인턴계약서 + 양국 공관 대사 추천서 (체재비 면제)
기술창업준비(D-10-2)
- 공통서류 + 학사(국내 전문학사) 학위 이상 학력증명서
- 기술창업계획서
- 특허증·실용신안등록증·디자인등록증 사본 또는 특허 출원사실증명서 (해당자)
- 창업이민종합지원시스템 교육과정 이수증 또는 교육참여 확인서 (해당자)
- OECD 국가 지식재산권 보유 사실 확인 공적 서류 (해당자)
- 체재비 입증서류","한국에서 일자리 구하러 가려면 어떤 비자 받아요?
기술창업 준비하러 가는 비자도 따로 있어요?
첨단기술 인턴 비자는 어떤 사람이 받을 수 있어요?

구직 비자는 어디서 신청해요?
구직 비자 신청 시 체재비는 얼마 정도 있어야 해요?
한국에서 점수제 면제 대상자가 받는 구직 비자는 단수예요 복수예요?",D-10 구직 (p. 116),D-2 졸업 또는 점수제 60점 이상,"E-1~E-7 취업, F-2-7 점수제",F-3 동반,"구직, 졸업생, 취업준비"
D-10 (D-10-1),D-10,사증,사증발급,일반구직(D-10-1) 발급 요건,,"점수제 적용 대상자: 학사(국내 전문학사 포함) 이상의 학위 소지 국내 합법 체류자로 구직 점수표 총 190점 중 기본항목 20점 이상으로 총 득점 60점 이상
점수제 면제 특례
- 국내 대학 졸업 후 최초 구직 자격 변경: 국내 대학 전문학사 이상 학위 취득 후 최초 구직(D-10-1) 자격으로 변경 (체류기간 1년, 연장 시 점수제 적용)
- 국내 대학 졸업 한국어능력 우수자: 국내 정규 대학에서 전문학사 이상 학위 취득 후 3년 이내, 사회통합프로그램 4단계 중간평가 합격 또는 TOPIK 4급 이상 유효 성적표 소지자
- 유망인재: 29세 이하 해외 대학 졸업자로서 최근 3년 이내 THE 또는 QS 세계 대학평가 200위 이내 대학 학사 이상 학위 소지자 또는 한국학 관련 전공 한국어능력 최우수자(토픽 6급)
- 전문직종 근무 경력자: 체류자격변경허가만 가능 (사증발급 대상 아님)
- 주한 외국공관 근무 인턴: 주한 외국공관 근무 인턴 직원",,,,,,"공통 결격사유
- 신청일로부터 5년 이내 국내법 위반 금고 이상 형 선고
- 신청일로부터 5년 이내 출입국관리법 위반 강제퇴거나 출국명령
- 신청일로부터 3년 이내 국내법 위반 300만 원 이상 벌금형
- 출입국관리법 위반 범칙금 받은 사람으로서 체류허가 제한 통합기준에 따라 제한 (초범 500만원 이상, 재범 최근 3년 이내 합산 700만원 이상)",,,"구직 점수표 총 190점 (기본 50점, 선택 70점, 가점 70점)
기본항목: 연령(20점), 최종학력(30점)
선택항목: 취업경력(15점), 국내유학(30점), 국내연수(5점), 한국어능력(20점)
가점: 관계 중앙행정기관장·재외공관장 추천(20점), 세계우수대학(THE 200대, QS 500대) 또는 아시아권 QS 1,000위 이공계(20점), 글로벌기업 근무경력(포천 500대, 20점), 이공계 학사(5점), 고소득(5만달러) 전문직 경력자(5점)
감점: 출입국관리법 위반 또는 형사처벌 전력(최대 -30점)

[표]
점수제 구직비자(D-10-1) 배점표

연령: 20~24세 10점, 25~29세 15점, 30~34세 20점, 35~39세 15점, 40~49세 5점
학력: 국내 전문학사 15점, 학사 15점, 석사 20점, 박사 30점
한국어능력: TOPIK 5급/KIIP 5단계 20점, 4급/4단계 15점, 3급/3단계 10점, 2급/2단계 5점
국내유학 졸업 후 3년 이내: 전문학사/학사/석사/박사 30점
국내유학 졸업 후 3년 이후: 전문학사 5점, 학사 10점, 석사 15점, 박사 20점",,,,,"한국에서 일반 구직 비자 받으려면 점수제 어떻게 적용해요?
한국 대학 졸업하면 점수제 면제받을 수 있어요?
구직 점수제에서 한국어 점수는 어떻게 들어가요?",D-10-1 일반구직 점수제 및 면제 특례 (p. 116~117),D-2 졸업 또는 점수제 60점 이상,"E-1~E-7 취업, F-2-7 점수제",F-3 동반,"구직, 졸업생, 취업준비"
D-10 (D-10-2),D-10,사증,사증발급,"기술창업준비(D-10-2): 창업이민교육프로그램 참가, 지식재산권 등 특허출원 준비 및 출원, 창업법인 설립 준비 등 창업 관련 제반 준비활동 (인턴활동 제한)",,"학사(국내 전문학사) 이상의 학위를 가진 사람으로 아래 어느 하나
- 대한민국 특허권·실용신안권·디자인권을 보유하고 있거나 출원 중인 사람 (출원사실증명원의 심사청구유무란 'Y'로 기재된 경우 대상)
- 법무부·중기부가 공동 지정한 글로벌창업이민센터의 창업이민종합지원시스템(OASIS) 교육과정에 참여 중이거나 최근 3년 이내에 일부 또는 전부 이수한 사람
- 중기부 주관 K-Startup 그랜드챌린지 참여자로 창업진흥원장 체류자격변경허가 추천을 받은 자
- 해외(OECD) 지식재산권 보유자",,,,,,"OASIS 교육 이수일로부터 3년 경과 후 기술창업준비(D-10-2) 체류자격변경허가 신청자 (단, 교육 재이수 중인 자 제외)",,,,,"글로벌창업이민센터(OASIS), 창업진흥원",창업진흥원장 체류자격변경허가 추천 (K-Startup 그랜드챌린지 참여자),,"한국에서 기술창업 준비하러 가려면 어떤 비자 받아요?
OASIS 창업이민 교육은 누가 받아요?
K-Startup 그랜드챌린지 참여자도 비자 신청 가능해요?",D-10-2 기술창업준비 (p. 117~118),D-2 졸업 또는 점수제 60점 이상,"E-1~E-7 취업, F-2-7 점수제",F-3 동반,"구직, 졸업생, 취업준비"
D-10 (D-10-3),D-10,사증,사증발급인정서,"첨단기술인턴(D-10-3): 법무부장관이 정한 요건을 갖춘 기업(기관)과의 인턴 근로계약에 따른 첨단기술 분야 인턴 활동
첨단기술인턴은 사증발급인정서를 통한 사증발급만 허용",,"세계 우수 대학(본교만 해당, THE 세계대학순위 200위, QS 세계대학순위 500위 이내) 첨단기술 분야 학사과정 이상 재학생 또는 학위취득일로부터 3년이 경과되지 않은 졸업생으로 만 30세(석사 이상은 만 35세) 미만
초청 가능 기업(기관):
- 첨단 기술분야 연구시설(연구전담부서)을 갖춘 국내 상장기업
- 기초연구법 제14조의2 기업부설연구소 또는 연구개발 전담부서
- 연구개발특구의 육성에 관한 특별법 제9조 첨단기술기업
- 벤처기업육성에 관한 특별조치법 제25조 벤처기업
- 국공립 연구기관, 특정연구기관, 과학기술분야 정부출연 연구기관",,,,,"최대 1년의 체류기간 (단, 계약서에 명시된 인턴기간을 초과할 수 없음)","초청기업(기관)이 일반구직(D-10-1) 인턴 채용 또는 전문직종(E계열) 외국인 고용이 제한되는 경우
첨단기술인턴 초청 요건을 갖추지 못한 기업(기관)과 인턴 근로계약을 체결한 경우
첨단기술인턴 초청인원이 인턴 예정 기업(기관)의 국민고용인원의 20%를 초과하는 경우 (최저 임금 이상 충족하고 고용보험가입자명부 3개월 이상 등재; 벤처기업은 설립일로부터 3년간 유예)",,,,초청기업 국민고용인원의 20% 이내,첨단기술 분야 연구시설을 갖춘 국내 기업·기관,,"[공통서류]
- 신청서, 사진, 여권사본, 수수료, 신분증사본
- 인턴활동 계획서
- 최근 3년 이내 세계 대학순위 THE 200위, QS 500위 이내 소명자료 및 학위과정(첨단기술분야만) 재학증명서 또는 졸업증명서(학위증) (휴학증명서도 인정하되 휴학일로부터 1년 경과 시 불인정; 학력증명서는 유학(D-2) 사증발급 기준 국가별 공증절차대로 공적 확인)
- 인턴근로계약서 (인턴 기업, 인턴활동 분야(첨단기술분야 제한), 인턴 기간 필수 명시)
- 초청 기업(기관) 사업자등록증(또는 고유번호증), 법인등기부등본, 고용보험가입자 명부, 연구시설 현황자료
- 첨단기술인턴 초청 가능 기업(기관) 입증서류 (택1: 상장기업 첨단기술분야 연구시설 입증서류, 기업부설연구소인정서, 첨단기술기업지정서, 벤처기업확인서 등)
- 체재비 입증서류 (연도별 1인 가구 주거급여 기준액 × 체류개월 수 이상 금액 예치 잔고증명서; 인턴계약서에 인턴기간 국내 체재비 지급 확인 시 면제)","해외 명문대 출신이 한국 첨단기술 분야 인턴 가려면 어떤 비자예요?
첨단기술 인턴 비자 받을 수 있는 회사는 어떤 회사예요?
인턴 비자는 얼마나 머물 수 있어요?",D-10-3 첨단기술인턴 (p. 118),D-2 졸업 또는 점수제 60점 이상,"E-1~E-7 취업, F-2-7 점수제",F-3 동반,"구직, 졸업생, 취업준비"
D-10 (D-10-T),D-10,사증,사증발급,"최우수인재(D-10-T): 최근 5년 이내 세계 대학 순위 100위 이내 대학의 석사 이상 학위 취득자로 국내 취업 위해 연수나 구직활동을 하려는 사람 (부처추천 불요)

세계대학 순위 100위 이내 대학의 석사 이상 학위를 취득하고 국내 취업을 위해 연수나 구직활동을 하려는 사람",,"최우수인재(Top-Tier) 자격 기준 중 학력 요건을 갖추었으나 취업 미확정 시 최우수인재 구직(D-10-T) 자격 부여
세계대학 평가 순위 참고: QS World University Ranking, QS by Subject Engineering and Technology, Times Higher Education World University Rankings, THE by subject engineering, US News & World Report Global University Rankings, US News by subject engineering

부처추천 불요
재외공관 사증신청 가능(전자사증 불가)",,,,,,"결격사유
- 입국금지 사유 해당
- 특정강력범죄의 처벌에 관한 특례법상 특정강력범죄로 형 선고
- 출입국관리법 또는 다른 법률 위반 금고 이상 형 집행종료·면제 5년 미경과
- 금고 이상 형 집행유예 판결확정 5년 미경과
- 300만원 이상 벌금형 납부일 3년 미경과
- 최근 5년간 출입국관리법 3회 이상 위반 (과태료 제외)
- 강제퇴거명령 출국 7년 또는 출국명령 출국 5년 미경과
- 최근 3년간 출입국관리법 위반 1회 500만원 이상 또는 합산 700만원 이상
- 인도적 사유로 체류허가 받은 사람의 허가 결정일 5년 미경과
- 안전보장·질서유지·공공복리·이익 침해 우려",,,,,,,"[공통서류]
- 신청서, 표준규격 사진, 여권 사본, 수수료
- 구직활동 계획서
- 해외 우수대학(본교) 졸업(예정)증명서

[공통서류]
신청서, 표준규격 사진, 여권 사본, 체류지 입증서류, 수수료 등

[필수서류]
- 공통서류
- 구직활동 계획서
- 우수대학(본교) 졸업(예정)증명서","세계 100위 이내 대학 석사 출신 외국인은 한국 어떤 비자 받아요?
최우수인재 구직 비자 신청에 부처 추천이 꼭 필요해요?
최우수인재 비자에서 결격사유는 어떻게 돼요?

세계 명문대 석사 졸업했는데 한국에서 구직 비자 어떻게 받아요?
탑티어 구직 비자는 부처 추천 없어도 신청할 수 있어요?
구직활동 계획서는 어떤 내용을 적어야 해요?",D-10-T 최우수인재 (p. 118~119),D-2 졸업 또는 점수제 60점 이상,"E-1~E-7 취업, F-2-7 점수제",F-3 동반,"구직, 졸업생, 취업준비"
E-1,E-1,사증,사증발급,한국과학기술원에 고용되어 교수활동을 하고자 하는 자,"전문대 이상 교육기관 교수, 학술기관 교수, 연구교수, 고급과학기술인력","고등교육법에 의한 자격요건을 갖춘 외국인으로서 전문대 이상의 교육기관이나 이에 준하는 기관에서 교육 또는 연구지도
- 한국과학기술원 등 학술기관의 교수
- 전문대학 이상의 교육기관에서 임용하는 전임강사 이상의 교수
- 대학 또는 대학부설연구소의 특수분야 연구교수
고급과학 기술인력
- 전문대학 이상의 교육과학기술분야의 교육․연구지도 활동에 종사하고자 하는 자로서 교육부장관의 고용추천이 있는 자

한국과학기술원법령에 따라 교수․부교수․조교수․초빙교수 등으로 채용되어 교수활동을 하는 자",,,체류기간 1년 이하의 단수사증,"5년
1회 부여 체류기간의 상한 5년
체류기간 1년 이하의 단수사증",,,"재외공관의 장은 입국목적, 초청의 진정성, 초청자 및 피초청자의 자격 확인 등을 심사하기 위해 필요한 경우 첨부서류를 일부 가감할 수 있음",,,,한국과학기술원,교육부장관의 고용추천 (고급과학기술인력),"[필수서류]
- 사증발급신청서 (별지 제17호 서식)
- 여권
- 표준규격사진 1매
- 수수료
- 경력증명서 및 학위증
- 고용계약서 또는 임용예정확인서","한국 대학 교수로 임용됐는데 어떤 비자 받아요?
전문대 교수도 이 비자 대상인가요?
한국과학기술원에서 교수로 일하려면 무슨 자격이 필요해요?

교수 비자는 한 번에 얼마나 머물 수 있어요?
대학 교수로 일하면 체류기간은 어떻게 돼요?
한 번 받으면 몇 년 머무를 수 있어요?

한국과학기술원 교수로 가는데 무슨 서류 챙기면 돼요?
카이스트 교수로 채용됐는데 비자 신청 서류 알려주세요
한국과학기술원 임용 단수사증 받을 때 학위증도 필요해요?",E-1 교수 (p. 129),대학 교수·부교수·조교수 채용,"F-2-7 점수제, F-5-9 영주",F-3 동반,"교수, 강의, 학술"
E-1 (사증발급인정서),E-1,사증,사증발급인정서,"전문대학 이상 교육기관에서 교육·연구지도 활동을 하는 교원

교육부장관의 추천을 받고 전문대학 이상의 교육기관에서 과학기술 분야의 교육·연구지도 활동에 종사하는 고급과학 기술인력","91일 이상 교육·연구지도 활동을 하는 총학장, 교수, 부교수, 조교수, 겸임교원, 명예교수, 초빙교원, 교환교수","전문대학 이상 교육기관에서 91일 이상 교육 또는 연구․지도활동을 하는 대학의 장(총장․학장), 교수․부교수․조교수, 겸임교원․명예교수․초빙교원, 교환교수 등
총․학장 : 교수자격을 갖춘 자 중에서 소정의 절차에 따라 임용
교수․부교수․조교수 : 별표 자격기준 충족 또는 대학(교원)인사위원회 인정
겸임교원 : 별표 자격기준 + 관련분야 전문지식
명예교수 : 교육 또는 학술상의 업적이 현저한 자
초빙교원 : 별표 자격기준에 해당하는 자 (특수교과의 경우 예외 가능)
대학 간 교환교수 교류협정에 따라 국내 대학에 파견되는 교환교수

교원 자격기준 (대학졸업자 기준): 교수 연구실적 4년+교육경력 6년 계 10년, 부교수 3+4=7년, 조교수 2+2=4년, 강사 1+1=2년
전문대학졸업자 기준: 교수 5+8=13년, 부교수 4+6=10년, 조교수 3+4=7년, 강사 1+2=3년

이공계 박사학위소지자
또는 이공계 석사학위 소지 + 해당분야 연구개발업무 3년 이상 종사자

산업기술촉진법 등 관련법령에 따라 자연과학분야나 산업상의 고도산업기술을 개발하기 위해 전문대학 이상의 교육기관에서 연구하는 과학기술자는 연구(E-3)자격 해당

[표]
교원 및 조교의 자격기준 (직명별 연구실적·교육경력 연수)

교수: 연구4+교육6=10년 (대졸기준), 5+8=13년 (전문대졸기준)
부교수: 3+4=7년 / 4+6=10년
조교수: 2+2=4년 / 3+4=7년
강사: 1+1=2년 / 1+2=3년",출입국·외국인청장이 발급한 사증발급인정서 또는 법무부장관 승인 발급 (중국 및 특정국가 국민은 사증발급인정서 의무),,,,,,"연구실적연수와 교육경력연수의 합계가 기준 충족 시 자격 인정

조교수 이상 자격기준에 해당하는 전임교수 등은 경력증명서 및 학위증 제출 생략
교환·방문교수 등은 대학 명의의 위촉·초청 공문(임금요건 불필요)으로 대체 가능
출입국·외국인청장은 첨부서류 일부 가감 가능

학위증 및 경력증명서는 제출 면제 (고용추천과정에서 교과부 등이 사전검증 완료)",,,,"전문대학 이상 교육기관

전문대학 이상 교육기관 (초청학교)",교육부장관의 고급과학기술인력 고용추천서 (경제자유구역은 시·도지사 고용추천서로 대체 가능),"[필수서류]
- 사증발급인정신청서 (별지 제21호 서식)
- 여권
- 표준규격사진 1매
- 경력증명서 및 학위증 (조교수 이상 자격 전임교수 등은 제출 생략)
- 고용계약서 또는 임용예정확인서 (교환·방문교수는 대학명의 위촉·초청 공문으로 대체 가능)
- 초청학교 설립관련 서류 (사업자등록증 사본 또는 법인등기사항전부증명서)

[기타서류]
- 대리인 신청시: 위임장, 대리인 재직증명서, 대리인 신분증

[필수서류]
- 사증발급인정신청서 (별지 제21호 서식)
- 여권
- 표준규격사진 1매
- 고용계약서 또는 임용예정확인서
- 교육부장관의 '고급과학기술인력' 고용추천서 (경제자유구역 내 취업활동은 시·도지사 고용추천서 또는 고용 필요성 입증서류)
- 초청기관 설립관련 서류 (사업자등록증 또는 법인등기사항전부증명서)

[기타서류]
- BK21 관련 공문 사본 (해당자에 한함)
- 대리인 신청시: 위임장, 대리인 재직증명서, 대리인 신분증","겸임교수로 한국 대학에 오는데 어떤 자격이 필요해요?
교환교수 협정으로 한국 가는데 비자 어떻게 받아요?
명예교수도 이 비자 받을 수 있어요?

대학 교수로 사증발급인정서 받는데 무슨 서류 내요?
교환교수로 오는데 고용계약서 대신 다른 걸로 대체 가능해요?
대리인이 신청할 때 추가로 필요한 서류 있나요?

이공계 박사인데 한국 대학 교수로 가려면 어떤 추천서 필요해요?
고급과학기술인력으로 인정받으려면 무슨 조건 충족해야 해요?
경제자유구역에서 일하는데 고용추천서는 누가 발급해주나요?",E-1 교수 / 사증발급인정서 (p. 132),대학 교수·부교수·조교수 채용,"F-2-7 점수제, F-5-9 영주",F-3 동반,"교수, 강의, 학술"
E-1 (전자사증),E-1,사증,전자사증,,"영사 인터뷰가 필요 없는 교수, 연구원 등 전문인력 및 지정 대상자","전문인력(E-1, E-3, E-4, E-5, 첨단과학기술분야 고용추천서(GOLD CARD)를 발급받은 E-7)과 그 동반가족(F-3), 의료관광객 및 동반가족·간병인(C-3-3, G-1-10), 상용빈번출입국자(C-3-4), 단체관광객(C-3-2), 공익사업 투자예정자(C-3-1)

[표]
전자사증 발급대상 및 절차","1. 회원가입: 대한민국비자포털(www.visa.go.kr)에 회원가입
2. 신청사항 입력 및 첨부서류 등재
3. 수수료 납부 (해외사용 가능 신용카드, 미화 전자결제)
4. 초청기업 사증신청 확인 후 최종 전송 (또는 초청기업 대리신청)",출입국관리법 시행규칙 제71조에 따른 수수료 + 전자결제 이용수수료(3.3%) 별도,,,,,,,,,초청기업,,,"교수로 가는데 영사 인터뷰 없이 비자 받을 수 있어요?
전자비자 신청은 어떻게 하는 거예요?
전자사증 수수료는 얼마예요?",E-1 교수 / 전자사증 (p. 129),대학 교수·부교수·조교수 채용,"F-2-7 점수제, F-5-9 영주",F-3 동반,"교수, 강의, 학술"
E-2-2 (공관장 재량 EPIK/CPIK/TaLK는 E-2-2 약호 부여),E-2,사증,사증발급,"교육부장관(시·도 교육감) 등과 고용계약 체결, 초·중·고등학교 외국어보조교사","외국어 학원 등의 강사: 해당 외국어를 모국어로 하는 국가의 국민으로서 해당 국가에서 대학 이상 졸업, 학사 이상 학위 소지자
국내 대학 졸업자 특례: 해당 외국어 모국어 국가에서 고등학교·전문대 졸업 + 국내대학 학사 이상
공용어 사용 국가 특례 (영·중·일 제외): 공인 교원자격 또는 관련학과 학사 이상 + 임금 전년도 GNI 80% 이상
원어민 영어보조교사(EPIK): 영어 모국어 7개국(미국, 영국, 캐나다, 남아공, 뉴질랜드, 호주, 아일랜드) 대학 졸업 학사
한-인도 CEPA 영어보조교사: 인도 국적, 학사+교사자격증(영어전공)
정부초청 해외 영어봉사장학생(TaLK): 영어 모국어 국가 국민
원어민 중국어보조교사(CPIK): 중국 국적, 학사+'외국어로서 중국어 교사 자격증서'
전문인력(E-1~E-7, E-6-2 제외) 및 유학생(이공계 석·박사 이상) 배우자: TESOL 자격+학사 이상

원어민영어보조교사(EPIK), 원어민 중국어보조교사(CPIK), 정부초청 해외 영어봉사장학생(TaLK)","외국어전문학원, 초등학교 이상의 교육기관 및 부설어학연구소, 방송사 및 기업체부설 어학연수원 기타 이에 준하는 기관 또는 단체에서 외국어 회화지도
회화지도의 개념: 수강생에게 외국어로 상호 의사소통하는 방법을 지도하는 활동
외국어로 특정 어학이나 문학 또는 통·번역 기법 등을 지도하는 것은 회화지도 활동에 해당하지 않음","해외 소재 대한민국 공관이면 어디라도 신청 가능 (중국어보조교사는 주중 대한민국공관에만 신청)
최대 2년 범위 내 계약기간 + 1개월을 체류기간으로 하는 단수사증 (E-2-2) 발급
FTA 영어보조교사는 E-2-91 부여, 미국인은 복수사증 발급",,,1회 부여 체류기간의 상한 2년,계약기간 + 1개월 (최대 2년 범위),,국립국제교육원·시·도교육감이 학력·범죄경력 검증 후 합격통지서 발급하므로 원칙적으로 해당서류 제출 면제,,,,시·도 교육감 등,국립국제교육원장 또는 시·도 교육감의 합격증·초청장,"[필수서류]
- 사증발급신청서 (별지 제17호 서식)
- 여권
- 표준규격사진 1매
- 수수료
- 원어민 영어 보조교사 또는 원어민 중국어보조교사 합격증 또는 TaLK 장학생 초청장 (국립국제교육원장 또는 시·도 교육감 발급)
- 시·도 교육감 등과 체결한 고용계약서","영어 학원 강사로 한국 가려면 어떤 자격 있어야 해요?
원어민 영어보조교사로 학교에서 일하는 비자는 뭐예요?
한국인 배우자가 있는데 영어 강사로 일할 수 있어요?

회화지도 비자는 한 번에 얼마나 머물 수 있어요?
영어 강사로 일하면 체류기간 얼마나 받아요?
이 비자 한 번 받으면 몇 년 일할 수 있어요?

EPIK 합격했는데 비자 신청할 때 어떤 서류 내요?
TaLK 장학생으로 한국 가는데 비자 어떻게 받아요?
공관에 사증 신청은 어느 나라에서나 가능한가요?",E-2 회화지도 / 공관장 재량 (p. 143~146),회화지도 자격 + 학사 학위 + TESOL 등,"F-2-7, F-5 영주",F-3 동반,"회화지도, 영어강사, EPIK"
E-2 (사증발급인정서),E-2,사증,사증발급인정서,,,"외국어학원 강사 (학원법 시행령 제3조의3 외국어계열·국제계열 교습과정)
초등학교 이상 교육기관 또는 부설 어학연구소가 선발·채용한 강사
시·도 교육감이 채용한 초·중·고 외국어 보조교사 (EPIK·TaLK·CPIK 제외)
직원교육을 위한 부설 연수원이 설립된 기관·단체의 회화지도 강사
평생교육법에 의해 설치된 평생교육시설의 회화지도 강사
다른 법령(조례 포함)에 의한 국가·지자체 평생교육시설의 회화지도 강사
근로자직업능력개발법에 따른 직업능력개발훈련시설·법인의 회화지도 강사
어학기자재 등 강의실 보유한 법인기업 및 공공기관의 회화지도 강사

임금 당해연도 최저임금 이상

[표]
주요국 범죄경력증명서 발급기관 (미국 FBI, 캐나다 RCMP, 영국 Home Office/Police, 호주 AFP, 남아공 SAPS, 아일랜드, 뉴질랜드 Ministry of Justice)","최대 2년 범위 내 계약기간 + 1개월을 체류기간으로 하는 회화지도(E-2-1) 사증발급인정서 발급
사증신청·심사·발급은 모든 해외 소재 대한민국 공관에서 가능",,,,2년,,"국내 대학 학위 취득자는 공적확인 없는 학위증 사본 제출 허용
과거 공적확인된 학력 입증서류 제출자는 제출 면제
범죄경력증명서 제출 후 출국한 자가 3개월 이내 재신청 시 제출 면제 (3개월 초과 시 외국인등록 시 신규 제출)
출입국·외국인청장은 첨부서류 일부 가감 가능",,,,"외국어학원, 교육기관, 평생교육시설, 직업능력개발훈련시설, 법인기업·공공기관

학원·교육기관·단체",,"[필수서류]
- 사증발급인정신청서 (별지 제21호 서식)
- 여권
- 표준규격사진 1매
- 공적확인을 받은 학력증명서 (학위증 사본, 학위취득 증명서, 학위취득 사실이 기재된 졸업증명서 중 1종) - 아포스티유 확인(협약국) 또는 한국공관 영사확인(미체결국) 또는 자국 정부기관 별도 확인(일본)
- 공적확인을 받은 자국정부 발급 범죄경력증명서 (자국 전역 포함, 접수일 기준 6개월 이내 발급)
- 자기건강확인서 (2018.5.15. 개정 서식)
- 고용계약서 (최소 임금요건: 당해연도 최저임금 이상)
- 학원 또는 단체 설립관련 서류

[기타서류]
- 공적확인을 받은 제3국 범죄경력증명서 (자국 이외 국가에서 학위취득 시, 2020.1.1. 시행)
- 기타 심사 참고자료: 강사활용계획서, 수강생 및 직원현황 등
- 대리인 신청시: 위임장, 대리인 재직증명서, 대리인 신분증","학원 외국어 강사로 한국 가려면 어떤 비자 받아요?
공공기관에서 회화 강사로 일할 수 있나요?
평생교육시설에서 외국어 강사로 일하면 비자 어떻게 받아요?

회화지도 사증발급인정서 받을 때 범죄경력증명서가 꼭 필요해요?
학위 증명서에 아포스티유 받아야 해요?
국내 대학 졸업했는데 학위증명도 공적확인 받아야 하나요?",E-2 회화지도 / 사증발급인정서 (p. 146~148),회화지도 자격 + 학사 학위 + TESOL 등,"F-2-7, F-5 영주",F-3 동반,"회화지도, 영어강사, EPIK"
E-3,E-3,사증,사증발급,"정부 연구출연금을 받는 연구기관 또는 방위사업법 규정 연구기관 종사 과학기술자 (중국, 특정국가 제외)","특정연구기관 육성법·정부출연연구기관법 등 연구기관에서 자연과학·사회과학·인문학·예체능 분야 연구 또는 산업상 고도기술 연구개발 종사자
방위사업법 규정 연구기관 종사 과학기술자
산업기술혁신촉진법 등 관련법령에 따라 기업부설연구소·산업기술연구조합·대학·산학협력단·국공립연구기관 등과 계약을 맺어 연구하는 과학기술자
정부출연·국공립·기업부설 등 이공계 연구기관에서 과학기술정보통신부장관 고용추천을 받은 자
전문대학 이상 교육기관·학술연구기관에서 사회과학·인문학·예체능 분야 연구자","1. 자연과학분야의 연구 또는 산업상 고도기술의 연구개발 종사
2. 고급과학 기술인력
3. 사회과학·인문학·예체능 분야의 연구 인력

① 박사 학위 소지자(취득 예정자)
② 석사 학위 소지자로서 3년 이상 경력자
경력요건 면제 대상: 국내 석사학위 소지자, 해외 우수대학(TIMES 200대 또는 QS 500위 이내) 석사학위 소지자, 우수 학술논문 저자(SCIE/A&HCI/SCI/SSCI 등재 - 주저자·공저자·교신저자)
관리기준: 전공분야와 종사분야 상이자 또는 과다하게 저임금으로 활용 시 사증발급·자격변경·기간연장 등 제한
박사 취득 예정자: 학위취득 확정 입증 시 체류기간 6개월 이내 조건부 사증 발급 가능

[표]
경력요건 면제 대상 표

국내 석사학위: 국내 대학 석사 졸업자
해외 우수대학 석사: TIMES 200대 또는 QS 500위 이내 졸업자
우수 학술논문 저자: SCIE, A&HCI, SCI, SSCI 등재",,,체류기간 1년 이하의 단수사증,"5년
체류기간 1년 이하의 단수사증",5년 (1회 부여 체류기간 상한),"전공분야와 종사분야가 상이한 자 또는 과다하게 저임금으로 활용하는 경우 사증발급, 자격변경, 기간연장 등 제한","경력요건 면제 - 국내 석사학위, 해외 우수대학(TIMES 200/QS 500) 석사학위, 우수 학술논문(SCIE 등) 저자

공관장은 초청 진정성, 자격 확인 위해 추가 서류 요구 가능",,,,"연구기관, 기업부설연구소, 대학, 산학협력단, 국공립연구기관

정부 연구출연금을 받는 연구기관 또는 방위사업법 규정 연구기관",과학기술정보통신부장관 고용추천 (고급과학기술인력),"[필수서류]
- 사증발급신청서 (별지 제17호 서식)
- 여권
- 표준규격사진 1매
- 수수료
- 고용기관 설립 관련 서류 (사업자등록증 또는 법인등기사항전부증명서 또는 연구기관 입증서류 등)
- 석사 학위 이상 학위증, 경력증명서 (해당자)
- 고용계약서 또는 임용예정확인서

[기타서류]
- 대학 대표자 명의 졸업예정증명서·확인서, 학위수여 날짜 확인 증명서 (해당자)
- 우수 학술논문 저자임을 확인할 수 있는 입증자료 (해당자)","한국 연구기관에서 일하려면 어떤 비자 받아요?
사회과학·인문학 연구자도 이 비자 받을 수 있어요?
기업부설연구소에 채용됐는데 무슨 비자 신청해야 해요?

연구 비자 받으려면 박사학위가 꼭 필요해요?
국내 석사 졸업자도 경력 없이 받을 수 있어요?
SCI 논문 저자라면 경력 면제되나요?

정부출연 연구기관에 채용됐는데 비자 받으려면 무슨 서류 챙겨요?
학위증명서 외에 어떤 서류가 더 필요해요?
방위사업 연구기관 근무자도 같은 서류 내요?",E-3 연구 (p. 151~152),석사 이상 학위 + 연구기관 채용,"F-2-7, F-5-9 영주",F-3 동반,"연구, 연구원, 학술연구"
E-3 (사증발급인정서),E-3,사증,사증발급인정서,"정부출연·방위사업·자연과학 고도기술개발 연구기관 종사 과학기술자

정부출연·국공립·기업부설 등 이공계 연구기관에서 자연과학분야 연구 또는 산업상 고도기술의 연구개발에 종사하고자 하는 자

한·인도 사증절차간소화협정 관련 고용방문자(Employment visitor)",(1) 자연과학·사회과학·인문학·예체능 분야의 연구·산업상 고도기술 연구개발 (특정연구기관·정부출연·과학기술 연구기관) (2) 방위사업법 규정 연구기관 종사 과학기술자 (3) 자연과학·산업상 고도기술개발 연구 (기업부설연구소·산학협력단·국공립연구기관 등) (4) 고급과학기술인력 (과학기술정보통신부 고용추천) (5) 한·인도 사증절차간소화협정 관련 고용방문자 (6) 기타 사회과학·인문학·예체능 분야 연구인력,"과학기술정보통신부장관의 고용추천이 있는 이공계 연구기관 종사자

정당하게 등록된 회사·기관에 고용되거나 계약에 의해 기술전문가·임원·관리자 등 숙련된 기술 지위 종사·임용자
예시: 기업내 전근자, 계약서비스 공급자 또는 이를 지원하는 자, 독립전문가","청장이 발급한 사증발급인정서 제출 또는 재외공관장이 법무부장관 승인 받아 발급 (중국·특정국가 국민은 사증발급인정서 필수)

청(사무소·출장소)의 사증발급인정서에 의해 발급 (고용관련 사증은 복수사증이므로 전부 사증발급인정서 발급)",,"체류기간은 고용계약기간 범위 내 최장 5년, 복수사증 유효기간은 발급일로부터 체류기간과 동일
한·인도 문화·학술협정 등 정부 지정 기관/단체간 협약 입국: 5년 복수사증 (계약 5년 이내면 그 기간)
기타 취업·주재 목적: 3년 복수사증 (계약 3년 이내면 그 기간)",5년 (한·인도 협정 적용 대상자에 한해 최초 1년),5년,,"청장은 초청의 진정성, 자격 확인 위해 첨부서류 일부 가감 가능",,,,"정부출연·국공립·기업부설 이공계 연구기관

인도 회사(법인) 또는 정당하게 등록된 회사·기관",과학기술정보통신부장관 고용추천서,"[필수서류]
- 사증발급인정신청서 (별지 제21호 서식)
- 여권
- 표준규격사진 1매
- 고용기관 설립 관련 서류 (사업자등록증 또는 법인등기사항전부증명서 또는 연구기관 입증서류 등)
- 석사 학위 이상 학위증, 경력증명서 (해당자)
- 고용계약서 또는 임용예정확인서

[기타서류]
- 대학 대표자 명의 졸업예정증명서·확인서, 학위수여 날짜 확인 증명서 (해당자)
- 우수 학술논문 저자임을 확인할 수 있는 입증자료 (해당자)
- 대리인 신청시: 위임장, 대리인 재직증명서, 대리인 신분증

[필수서류]
- 사증발급인정신청서 (별지 제21호 서식)
- 여권
- 표준규격사진 1매
- 고용기관 설립 관련 서류
- 고용계약서 또는 임용예정확인서
- 석사 학위 이상 학위증, 경력증명서 (해당자)
- 과학기술정보통신부장관의 고용추천서

[기타서류]
- 졸업예정증명서·학위수여 날짜 확인 증명서 (해당자)
- 우수 학술논문 저자 입증자료 (해당자)
- 대리인 신청시 추가 서류

[필수서류]
공통: 사증발급인정신청서 (별지 제21호 서식), 여권, 표준규격사진 1매
기업내 전근자: 파견명령서 및 1년 이상 재직증명서, 지사 또는 연락사무소 설치허가서 사본
계약서비스 공급자: 고용주 발행 재직증명서, 인도정부 발행 사업자등록증 등 회사 설립 관련 서류, 우리나라 회사와의 서비스 공급계약 체결 입증 서류
독립전문가: 고용계약서 또는 용역계약서 등 계약 입증 서류, 학위증·관련 자격증·1년 이상 해당 분야 취업경력 입증서류

[기타서류]
대리인 신청시 위임장, 대리인 재직증명서, 대리인 신분증","연구 사증발급인정서 신청할 때 어떤 서류 내야 해요?
학위증명서랑 경력증명서 둘 다 필요한가요?
대리인이 대신 신청할 때 추가 서류가 있나요?

고급과학기술인력으로 인정받으려면 어떤 추천서가 필요해요?
중국 국적인데 사증발급인정서가 꼭 필요한가요?
복수사증 유효기간은 얼마나 돼요?

인도에서 한국 회사로 파견되는데 어떤 비자 받아요?
한·인도 협정으로 들어오면 사증 유효기간은 얼마예요?
독립전문가로 한국 가는데 무슨 서류 필요해요?",E-3 연구 / 사증발급인정서 (p. 153~157),석사 이상 학위 + 연구기관 채용,"F-2-7, F-5-9 영주",F-3 동반,"연구, 연구원, 학술연구"
E-3,E-3,사증,사증발급인정서,국외 소재 기관에 소속되어 국내 연구기관 등의 초청에 따라 국내에 체류하면서 연구활동 종사자,,"국내에서 연구 활동에 대한 대가(보수)를 지급 받지 않는 자 (왕복 항공권, 숙소 제공 등 실비 보전 수준은 가능)",,,,,,,국내 보수 미지급 방문연구원은 초청공문에 임금요건 불필요,,,,국내 연구기관,,"[필수서류]
- 사증발급(인정서)신청서 (별지 제17호 서식)
- 여권
- 표준규격사진 1매
- 수수료
- 고용기관 설립 관련 서류
- 석사 학위 이상 학위증, 경력증명서 (해당자)
- 초청 연구기관 명의의 초청 공문 (임금요건 불필요, 연구기간·연구분야 명시)
- 원 소속 고용계약 입증 서류 (재직증명서, 고용계약서 등)

[기타서류]
- 졸업예정증명서·학위수여 날짜 확인 증명서 (해당자)
- 국내·외 은행 잔고 증명서 (해당자)","한국 연구기관에 초청받았는데 한국에서 월급 안 받아도 비자 받을 수 있어요?
방문연구원으로 가는데 어떤 서류가 필요해요?
실비 정도만 받는 경우에도 연구 비자 신청할 수 있나요?",E-3 연구 / 방문연구원 특례 (p. 157),석사 이상 학위 + 연구기관 채용,"F-2-7, F-5-9 영주",F-3 동반,"연구, 연구원, 학술연구"
E-4,E-4,사증,사증발급,,"국내에서 구할 수 없는 산업상의 고도기술 등을 국내 공·사 기관에 제공하는 자
- 외국의 용역발주업체에서 파견되어 산업상의 특수분야 기술 제공자
- 국내 산업체에서 도입한 특수기술 등을 제공하는 자",공·사기관에서 자연과학분야의 전문지식 또는 산업상의 특수 분야에 속하는 기술 제공,,,,5년,,,,,,,국내 공·사기관 또는 외국 용역발주업체,,,"외국에서 기술 가르치러 한국 가는데 어떤 비자 받아요?
국내 산업체에 특수기술을 제공하는 사람 비자는 뭐예요?
기술지도 비자 한 번 받으면 몇 년 머물 수 있어요?",E-4 기술지도 (p. 158),특수기술 보유 + 국내기업 초청,"F-2-7, F-5 영주",F-3 동반,"기술지도, 기술이전"
E-4 (사증발급인정서),E-4,사증,사증발급인정서,국내에서 구할 수 없는 산업상의 고도기술 등을 국내 공·사기관에 제공하는 자,,"[표]
용역거래 정의 (국제조세조정에관한법률 시행령 제6조의2): 거주자와 국외 특수관계자 간의 경영관리, 금융자문, 지급보증, 전산지원 및 기술지원 그밖에 사업상 필요하다고 인정되는 거래",,,,,,,청장은 첨부서류 일부 가감 가능,,,,국내 공·사기관,,"[필수서류]
- 사증발급인정신청서 (별지 제21호 서식)
- 여권
- 표준규격사진 1매
- 공·사기관 설립관련 서류 (사업자등록증, 외국인투자기업등록증, 지사설치허가서 등)
- 기술도입계약신고수리서, 기술도입계약서(또는 용역거래 계약서) 또는 방산업체지정서 사본
- 파견명령서(또는 재직증명서)

[기타서류]
대리인 신청시 위임장, 대리인 재직증명서, 대리인 신분증","기술지도 사증발급인정서 받을 때 무슨 서류 챙기면 돼요?
기술도입계약서가 꼭 필요한가요?
외국 용역발주업체에서 파견될 때도 같은 서류 내요?",E-4 기술지도 / 사증발급인정서 (p. 159),특수기술 보유 + 국내기업 초청,"F-2-7, F-5 영주",F-3 동반,"기술지도, 기술이전"
E-5,E-5,사증,사증발급,국내 항공사 또는 운수회사 등에 고용되어 항공기 조종사 또는 선장 등 선박운항 필수전문요원으로 근무하고자 하는 자,"대한민국 법률에 따라 자격이 인정된 외국 국가공인자격증 소지자
- 국토해양부장관 추천 항공기 조종사
- 최신의학 및 첨단의술 보유자로서 보건복지부장관 고용추천 의사 (국공립·의료법인·비영리법인·정부투자기관 의료기관 근무)
- 국내 의(치한의)과 대학·전문대학원 졸업 후 인턴(일반수련의) 또는 레지던트(전문수련의) 과정 연수자
- 남북협력사업 승인을 받은 자가 금강산 관광개발 등의 목적으로 초청하는 관광선 운항 필수전문인력
- 국내 운수회사 등에 고용되어 선장 등 선박 운항 필수전문요원
- 1급·2급 항해사·기관사 등 해기사 면허 또는 승무자격증 소지자 중 해양수산부장관 추천자 (현재 30개국과 해기사 면허 상호인정 MOU 체결)

금강산 관광선, 한국선적 정기여객선 등의 선장·기관사·항법사",대한민국의 법률에 의하여 행할 수 있도록 되어 있는 전문업무 종사,,,체류기간 1년 이하의 단수사증,"1회 부여 체류기간의 상한 5년
체류기간 1년 이하의 단수사증",5년,,재외공관장은 첨부서류 일부 가감 가능,,,,"국내 의료기관, 항공사, 운수회사 등

국내 항공사 또는 운수회사","국토해양부·보건복지부·해양수산부 등 소관 부처장의 고용추천

소관 중앙행정기관장 고용추천서","[필수서류]
- 사증발급신청서 (별지 제17호 서식)
- 여권
- 표준규격사진 1매
- 수수료
- 학위증 및 자격증(면허증) 사본
- 소관 중앙행정기관장 고용추천서 (경제자유구역은 시·도지사 고용추천서 또는 고용필요성 입증서류) 또는 고용필요성 입증서류
- 고용계약서","외국 항공기 조종사로 한국 항공사 취업하려면 무슨 비자 받아요?
의사로 한국 의료기관에서 일하려면 어떤 추천이 필요해요?
선장으로 한국 배에 타려면 비자 어떻게 받아요?

항공사에 조종사로 취업했는데 무슨 서류 내야 해요?
선장으로 일하려는데 자격증 사본 외에 또 뭐가 필요해요?
경제자유구역에서 일할 경우 추천서는 누가 발급해요?",E-5 전문직업 (p. 160~163),의사·변호사·회계사 등 전문 자격증,"F-2-7, F-5 영주",F-3 동반,"전문직업, 변호사, 의사"
E-5 (사증발급인정서),E-5,사증,사증발급인정서,공관장 재량 대상을 제외한 모든 전문직업(E-5) 자격자,,,공관장 재량 외 모든 E-5 자격은 사증발급인정서를 통해 사증발급,,,,,,청장은 첨부서류 일부 가감 가능,,,,,소관 중앙행정기관장의 고용추천서,"[필수서류]
- 사증발급인정신청서 (별지 제21호 서식)
- 여권
- 표준규격사진 1매
- 초청사유서
- 학위증 및 자격증 사본
- 소관 중앙행정기관장 고용추천서 또는 고용필요성 입증서류 (경제자유구역은 시·도지사 고용추천서)
- 고용계약서","전문직업 사증발급인정서 신청할 때 어떤 서류가 필요해요?
공관장 재량 대상이 아니면 모두 사증발급인정서로 받아야 하나요?
경제자유구역에서 일하는 전문가도 고용추천서가 필요해요?",E-5 전문직업 / 사증발급인정서 (p. 163),의사·변호사·회계사 등 전문 자격증,"F-2-7, F-5 영주",F-3 동반,"전문직업, 변호사, 의사"
E-6,E-6,사증,사증발급,,"E-6-1 (예술·연예): 음악·미술·문학 예술활동, 전문방송연기, 공연법상 전문 연예활동 (작곡가·화가·사진작가, 오케스트라 연주·지휘자, 광고·패션모델, 바둑기사, 방송인, 연예인, 연극인, 분장사 등)
E-6-2 (호텔·유흥): 관광진흥법상 호텔업시설·유흥업소 등에서 공연·연예활동 (가요·연주자, 곡예·마술사 등). 국제회의시설 부대시설·공연법 등록 공연장 종사자 포함
E-6-3 (운동): 축구·야구·농구 등 프로 운동선수 및 동행 매니저 (프로선수, 프로팀 감독, 매니저 등)","수익이 따르는 음악, 미술, 문학 등의 예술 활동
- 창작활동을 하는 작곡가, 화가, 조각가, 공예가, 저술가, 사진작가 등
- 음악·미술·문학·사진·연주·무용·영화·체육 등 예술 활동에 관한 지도자 (예: 프로 및 아마추어 스포츠 감독, 오케스트라 지휘자 등)
수익을 목적으로 하는 연예, 연주, 연극, 운동경기, 광고, 패션모델 등 흥행활동
- 출연형태·명목 불문 수익을 위한 개인 또는 단체 연예·연주·연극·운동자 (예: 프로 및 아마추어 스포츠 선수)
- 스스로 출연하는 자뿐만 아니라 분장사, 매니저 등 동행자 포함
체류기간 90일 이하인 경우는 단기취업(C-4-5) 자격에 해당

[표]
E-6 분류기호 (E-6-1 예술·연예 / E-6-2 호텔·유흥 / E-6-3 운동)

E-6-1 예술·연예: 작곡가·화가·사진작가, 오케스트라 연주·지휘자, 광고·패션모델, 바둑기사, 방송인, 연예인, 연극인, 분장사
E-6-2 호텔·유흥: 관광진흥법 호텔·유흥업소 공연·연예종사자, 가요·연주자, 곡예·마술사
E-6-3 운동: 프로 운동선수, 프로팀 감독, 매니저",,,,1회 부여 체류기간의 상한 2년,,,체류기간 90일 이하인 경우 단기취업(C-4-5) 적용,,,,,,,"한국에서 가수로 공연하려면 어떤 비자 받아요?
프로 운동선수로 한국 팀에 가는데 비자는 뭐예요?
광고 모델로 한국에 와서 일할 수 있는 비자는 뭐예요?",E-6 예술흥행 (p. 163~164),예술·연예·체육 활동 초청,"F-2 거주, F-5 영주",F-3 동반,"예술흥행, 연예인, 운동선수"
E-6 (E-6-2),E-6,사증,사증발급,,,,,,,,,"예술흥행(E-6) 자격은 모두 사증발급인정서에 의해 사증발급
예외 (E-6-2): 신청인이 불법체류다발 고시국가(21개국), 테러지원국가(3개국), 제주무사증입국불허국가(10개국) 국민인 경우 원칙적으로 자국 공관에 사증신청·발급
단, E-6-2 신청인이 제3국 영주권자 또는 2년 이상 계속 체류한 장기체류자는 제3국 소재 자국공관에 사증 신청·발급 가능",E-6-2 신청인이 제3국 영주권자 또는 2년 이상 장기체류자인 경우 제3국 자국공관 신청 가능,,,,,,,"호텔·유흥업소에서 일하려는데 자국이 아닌 곳에서 비자 신청해도 돼요?
불법체류 다발국가 국민이면 어디서 신청해야 하나요?
제3국 영주권자도 같은 제한이 적용되나요?",E-6 예술흥행 / 공관장 재량 (E-6-2 특례) (p. 164),예술·연예·체육 활동 초청,"F-2 거주, F-5 영주",F-3 동반,"예술흥행, 연예인, 운동선수"
E-6 (사증발급인정서),E-6,사증,사증발급인정서,체류기간 2년 이하의 예술흥행(E-6) 사증발급인정서,,"광고모델 우대심사 기준 초청업체 요건: 모델 전문 매니지먼트 법인사업자, 대중문화예술기획업 등록, 최근 3년 5억원 이상 매출, 최근 3개월 국민 상시근로자 5인 이상 고용, 업력 5년 이상(또는 대표이사 동종업계 5년), 매니지먼트·엔터테인먼트·모델에이전시 등 관련 업종만 등재, 체납 없음
광고모델 우대심사 기준 외국인 요건: 불법체류 다발 고시국가 등이 아닐 것

[표]
광고 모델 우대심사 적용대상 (초청업체·외국인 요건)",공연추천기간·고용추천기간·근로계약기간 등을 종합 참고하여 적정 체류기간 부여,,,체류기간 2년 이하,,"광고모델 우대심사 적용 외국인은 불법체류 다발 고시국가(중국, 필리핀, 인도네시아, 방글라데시, 베트남, 몽골, 태국, 파키스탄, 스리랑카, 인도, 미얀마, 네팔, 이란, 우즈베키스탄, 카자흐스탄, 키르키즈스탄, 우크라이나, 나이지리아, 가나, 이집트, 페루) 국민이 아닐 것",,,,,"사업자등록 사업체, 대중문화예술기획업체, 모델 전문 매니지먼트 업체","영상물등급위원회 공연추천서, 소관 중앙행정기관장 고용추천서","[필수서류]
공통:
- 사증발급인정신청서 (별지 제21호 서식), 여권, 표준규격사진 1매
- 사업자등록증 사본
- 고용계약서 사본
공연법 규정 공연:
- 영상물등급위원회(제주는 도지사) 공연추천서 (추천제외대상공연은 면제)
- 공연계획서
- 피초청인이 미성년자인 경우 법정대리인 동의서
호텔·유흥업소 공연·연예:
- 영상물등급위원회 공연추천서 (관광업소 추천은 미8군 영내클럽, 3급 이상 관광호텔, 관광유람선, 휴양콘도미니엄, 관광극장유흥업, 외국인전용음식점, 국제회의시설 부대시설만 추천. 공연법 등록 공연장의 가무공연도 추천)
- 연예활동계획서
- 자격증명서 또는 경력증명서 (3년 이상, 아포스티유 또는 한국공관 확인 필)
- 공연시설 현황 확인서 (2016.9.1부 반영)
- 신원보증서
- 미성년자는 법정대리인 동의서
- 근로자파견사업허가증 (해당자)

[기타서류]
광고 모델 일반심사:
- 대중문화예술기획업 등록증
- 부가가치세 과세표준증명, 납세증명서
- 기업 건전성 증빙서류
- 신원보증서, 이력서, 보호자 동의서 (미성년 시)
- 국내활동 계획서
- 모델 전문성 입증서류: 광고주와의 계약서, 모델 사용 개요, 포트폴리오 등
- 계약서 필수 포함사항: 대금 지불방법, 권리의무 관계(저작권), 계약당사자 서명·날인
광고 모델 우대심사 (우수업체):
- 법인등기부등본
- 대중문화예술기획업 등록증
- 부가가치세 과세표준증명 (최근 3년 평균 매출 5억 이상)
- 최근 1개월 고용보험 가입자 명부 (3개월 이상 5인 이상 고용)
- 납세증명서, 신원보증서, 이력서, 국내활동계획서, 포트폴리오 등
그 밖의 경우:
- 소관 중앙행정기관장 고용추천서 또는 고용필요성 입증서류
- 미성년자는 법정대리인 동의서
대리인 신청 시: 위임장, 대리인 재직증명서, 대리인 신분증","가수로 한국에서 공연하려면 어떤 추천서가 필요해요?
광고 모델로 한국 가는데 어떤 서류가 있어야 해요?
미성년 모델인데 추가로 필요한 서류 있어요?",E-6 예술흥행 / 사증발급인정서 (p. 165),예술·연예·체육 활동 초청,"F-2 거주, F-5 영주",F-3 동반,"예술흥행, 연예인, 운동선수"
E-7,E-7,사증,사증발급,"주한 외국공관 등에서 고용하는 자국 행정요원, 국내 운수회사 등 국제여객선 승무원","전문성 수준 및 국민대체성에 따라 4개 직군으로 구분
E-7-1 전문인력: 관리자 및 전문가 (67개 직종)
E-7-2 준전문인력: 사무 및 서비스종사자 (10개 직종)
E-7-3 일반기능인력: 기능원 및 관련기능종사자 (14개 직종)
E-7-4 숙련기능인력(점수제): 17.8.1 신설, 3개 직종 (농림축산어업·제조·건설)
E-7-91 FTA 독립전문가
E-7-S 네거티브 방식 전문인력 (고소득자, 첨단산업분야 종사자)
E-7-Y 국내성장인력 (직종코드 9999)
E-7-T 최우수인재 특정활동 (최우수인재 첨단산업분야)

특수기관 행정요원(S2620): 주한외국공관·외국문화원·외국상공회의소 등의 자국국적 행정·기능요원
운송서비스 종사자(431): 금강산관광선 등 국내 운영 국제여객선 승무원

전문인력 (E-7-1, 67개 직종):
가. 관리자 15개 직종: 경제이익단체 고위임원(S110), 기업 고위임원(1120), 경영지원 관리자(1212), 교육 관리자(1312), 보험·금융관리자(1320), 문화·예술·디자인·영상관련 관리자(1340), 정보통신 관련 관리자(1350), 기타 전문서비스 관리자(1390), 건설·광업 관리자(1411), 제품생산 관리자(1413), 농림·축산·어업 관리자(14901), 영업 및 판매 관리자(1511), 운송 관리자(1512), 숙박·여행·오락·스포츠 관리자(1521), 음식서비스 관리자(1522)
나. 전문가 및 관련종사자 52개 직종: 생명과학 전문가(2111), 자연과학 전문가(2112), 사회과학 연구원(2122), 컴퓨터 하드웨어 기술자(2211), 통신공학 기술자(2212), 컴퓨터시스템 설계·분석가(2221), 시스템 소프트웨어 개발자(2222), 응용 소프트웨어 개발자(2223), 웹 개발자(2224), 데이터 전문가(2231), 네트워크시스템 개발자(2232), 정보 보안 전문가(2233), 건축가(2311), 건축공학 기술자(2312), 토목공학 전문가(2313), 조경 기술자(2314), 도시·교통관련 전문가(2315), 화학공학 기술자(2321), 금속·재료공학 기술자(2331), 전기공학 기술자(2341), 전자공학 기술자(2342), 기계공학 기술자(2351), 플랜트공학 기술자(23512), 로봇공학 전문가(2352), 자동차·조선·비행기·철도차량공학 전문가(S2353), 산업안전·위험 전문가(2364), 환경공학 기술자(2371), 가스·에너지 기술자(2372), 섬유공학 기술자(2392), 제도사(2395), 간호사(2430), 대학 강사(2512), 해외기술전문학교 기술강사(2543), 교육관련 전문가(2591), 외국인학교·외국교육기관·국제학교·영재학교 교사(2599), 법률 전문가(261), 정부·공공행정 전문가(2620), 특수기관 행정요원(S2620), 경영·진단 전문가(2715), 금융·보험 전문가(272), 상품기획 전문가(2731), 여행상품 개발자(2732), 광고·홍보 전문가(2733), 조사 전문가(2734), 행사 기획자(2735), 해외 영업원(2742), 기술 영업원(2743), 기술경영 전문가(S2743), 번역가·통역가(2814), 아나운서(28331), 디자이너(285), 영상관련 디자이너(S2855)
준전문인력 (E-7-2, 10개 직종):
가. 사무종사자 5개: 면세점·제주영어교육도시 판매 사무원(31215), 항공운송 사무원(31264), 호텔 접수 사무원(3922), 의료 코디네이터(S3922), 고객상담 사무원(3991)
나. 서비스 종사자 5개: 운송 서비스 종사자(431), 관광 통역 안내원(43213), 카지노 딜러(43291), 주방장 및 조리사(441), 요양보호사(42111)
일반기능인력 (E-7-3, 14개 직종): 동물사육사(61395), 양식기술자(6301), 할랄 도축원(7103), 악기제조·조율사(7303), 조선 용접공(7406), 선박 전기원(76212), 선박 도장공(78369), 항공기 정비원(7521), 항공기(부품) 제조원(S8417), 송전 전기원(76231), 자동차 부품제조원(S85411), 자동차 판금·도장원(S75104), 도축원(S71032), 건설기계(부품)제조원(S85513)
숙련기능인력 (E-7-4, 3개 직종, 점수제): 뿌리산업체 숙련기능공(S740), 농림축산어업 숙련기능인(S610), 일반 제조업체·건설업체 숙련기능공(S700)
네거티브 방식 전문인력 (E-7-S): E-7-S1 고소득자, E-7-S2 첨단산업분야 종사(예정)자
국내성장인력 (E-7-Y): 직종코드 9999
최우수인재 특정활동 (E-7-T): 최우수인재 첨단산업분야 종사자","대한민국 내의 공·사기관 등과의 계약에 따라 법무부장관이 특별히 지정하는 활동에 종사하려는 사람

일반요건 (하나 이상 충족):
- 도입직종과 연관성 있는 분야의 석사 이상 학위 소지
- 도입직종과 연관성 있는 학사학위 + 1년 이상 해당분야 경력 (학위·자격증 취득 이후 경력만 인정. 첨단기술 분야는 졸업 이전 인턴 경력 인정)
- 도입직종과 연관성 있는 분야 5년 이상 근무경력
우대 특별요건:
- 세계 500대 기업 1년 이상 전문직종 근무경력자: 학력·경력 미충족도 허용
- 세계 우수대학(타임 200/QS 500) 졸업(예정) 학사: 1년 경력요건 면제
- 국내 전문대학 졸업(예정)자: 전공 관련 직종 취업 시 경력 면제
- 국내 대학 졸업(예정) 학사 이상: 전공 무관, 학사 이상은 1년 경력 면제. 일/학습연계유학(D-2-7) 졸업자는 국민고용비율 적용 면제
- 주무부처 고용추천 첨단과학기술분야 우수인재: 강화된 기준 적용
- 첨단기술인턴(D-10-3) 1년 이상 활동 후 정식 취업, 임금 GNI 1배 이상: 학력·경력 면제
- 일본 CAIT/JITEC 소프트웨어개발기술자·기본정보기술자 자격증 소지 일본인: 자격기준 무관 사증발급인정서 발급
- 부처추천 전문능력 구비 우수인재: 연간 보수 GNI 1.5배 + 소관 중앙행정기관장 추천 → 전문인력 67개 직종 학력·경력 모두 면제 (최초 1년만, 연장 시 소득금액증명원 제출)
- 고소득 전문직 우수인재: 연간 보수 GNI 3배 이상 → 직종 무관 학력·경력 면제, 주무부처 추천 불요
- 우수사설기관 연수 수료자(D-4-6, 20개월 이상) + 국내 공인 자격증 + 사회통합프로그램 4단계 이상: 자격변경 허용 (E-7-4 제외)
- 해외 유망인재: 29세 이하 + 세계 우수대학(타임 200/QS 200) 졸업 또는 한국학 전공 + TOPIK 6급: 학위·경력 면제
- 아시아권 QS 1,000위 이내 현지대학 이공계 졸업생 (베트남·중국·태국·일본·인도·인도네시아·말레이시아·싱가포르·필리핀): 29세 이하 + 학사 이상 + TOPIK 2급 → 경력 면제
- 외국인 유학생 일학습병행제 이수자 (국내 전문학사 이상 + 관련 직종 취업): 경력 면제

초청자 자격요건:
- 출입국관리법 시행규칙 제17조의3 제2항 사증발급인정서 발급제한 대상자에 해당하지 않을 것
- 허용직종별 고용업체 요건, 업체당 외국인 고용허용 인원, 최소임금 요건 등 충족
- 고용업체에 세금(국세, 지방세) 체납 사실이 없을 것
창업 초기 소규모 외국인투자기업 또는 벤처기업: 제조·무역·컨설팅·R&D 등 소규모 업체가 전문인력 고용 시 창업일로부터 최대 5년간 매출실적 없어도 허용 (67개 전문인력 직종만)

특정활동(E-7) 허용직종에 90일 이하 단기간 취업하는 자

국민고용 보호 일반 심사기준:
- 고용업체 규모: 국민 고용자 5명 미만 + 내수 위주 업체는 원칙적 초청 제한. 고용인원은 고용보험가입자명부에 최저임금 충족 3개월 이상 등재 인원 (원칙적으로 개업 후 3개월 이후 신청 가능)
- 고용업체 업종: 업종 특성별 별도 요건 충족
- 외국인 고용비율: 국민고용 보호 직종은 원칙적으로 국민고용자의 20% 범위 내 외국인 고용 허용 (E-7-4, E-8, E-9, E-10, H-2, F-2, F-4, F-5, F-6은 외국인 고용인원에서 제외. E-1~E-7-1~3은 포함)
- 임금요건: 동종 직무 동일 경력 내국인 평균임금과 연계
  ① 전문인력: 법무부 장관 확정·공고 임금요건 기준
  ② 준전문·일반기능·숙련기능인력: 최저임금 이상
  ③ 일부 직종(온라인쇼핑판매원, 양식기술자 등): 전년도 GNI 0.8배 이상
- 중소·벤처·비수도권 중견기업 특례: 전년도 GNI 80% 이상 임금 적용 직종 종사자, E-7 근무경력 없거나 3년 이하인 자 → 임금 요건 GNI 70% 이상으로 완화","원칙: 기업이 외국인력을 발굴·검증·채용한 후 사증발급 또는 체류자격 변경허가 신청 → 법무부에서 결격여부 등 심사하여 허용여부 결정
뿌리산업체 숙련기능공 등: 비전문 취업자격자 등 자격변경 허용 + 뿌리산업 민관합동 전문가 기량검증 통과자 인재 POOL 구성 → 쿼터 내 선발(조선용접공 도입절차 준용)
고용추천서 면제 대상: 대학 및 공공기관 고용, 사기업 대기업 관리자 고용
전자고용추천시스템: 대한민국 비자포털(visa.go.kr) 운영

체류기간 90일의 단기취업(C-4-5) 사증 발급 (직종별 첨부서류 및 심사기준은 단기취업(C-4) 자격 사증발급기준 적용)",,"체류기간 1년 이하, 유효기간 3월의 단수사증 (고용계약기간 2년이라도 1년 발급)","체류기간 1년 이하, 유효기간 3월의 단수사증 (고용계약기간 2년이라도 1년 발급)
90일","3년 (주무부처 추천 우수인재, 지역특화발전특구·첨단의료복합단지 내 E-7 종사자, 경제자유구역 의료연구개발기관 연구원은 5년)","사증발급인정서 발급 제한대상자, 고용업체 요건 미충족, 저임금 활용, 세금 체납자는 제한
숙련기능인력 고용업체: 판매사무원·주방장·조리사 등 초청 시 고용업체 요건 충족·정상 운영·저임금 활용 여부 종합 심사

국제여객선의 항공기 기장·선장 등 국가공인자격증 소지자는 전문직업(E-5), 단순노무 부원은 선원취업(E-10), 관광유람선 공연 연예인은 예술흥행(E-6)

전문인력 중 초청장 남발 우려 직종(기계공학 기술자, 제도사, 여행상품개발자, 해외영업원, 통·번역가 등)은 예외적으로 국민고용 보호 심사 기준 적용
준전문·일반기능·숙련기능인력은 고용업체 자격요건·업체당 외국인 고용허용 인원 상한·최저 임금요건 등 적용
총 국민고용자 20% 초과 E-7 외국인 고용 중인 업체는 신규/대체 인력 초청·자격변경·근무처변경·추가 원칙적으로 불허","창업 초기 5년간 매출실적 면제 (67개 전문인력 직종)

재외공관장은 첨부서류 일부 가감 가능

90일 이하는 E-7 대신 단기취업(C-4-5)으로 발급

체류자격외활동허가 또는 근무처추가로 파트타임 근무 시 적용 안 함
정부초청 장학생 일/학습연계유학(D-2-7) 졸업자: 전문/준전문/일반기능에 대해 국민고용비율·업체규모 적용 면제, 유사직종 폭넓게 허용
주한공관, 공공기관, 학교(대학 제외) 등 비영리기관 고용 전문인력 67개 직종: 임금요건 합리적 사유 입증 시 부분적 완화

기존 E-7 외국인요리사: 2018.1.1. 이후 현 규정 적용, 요건 미충족 시 허가 제한
2023.9.25. 이전 숙련기능인력으로 전환하여 체류 중인 자: 2024.11.27. 개정 규정 적용, 요건 미충족 시 허가 제한",,해당 없음 (E-7 일반은 점수제 미적용; 점수제는 E-7-4 숙련기능인력 및 E-7-S2 첨단산업분야 종사자에만 적용),국민고용 보호 직종은 국민고용자의 20% 범위 내,"국내 공·사기관

주한 외국공관, 국내 운수회사","소관 중앙행정기관장 고용추천서, 산업통상자원부(KOTRA) 골드카드 추천 등

직종별 심사기준에 따라 고용추천서 필수/면제","[공통서류]
피초청(외국인) 준비서류: 여권사본, 반명함판 칼라사진 1매, 고용계약서, 자격요건 입증서류(학위증, 경력증명서, 자격증 등). 국외 발급 서류는 국문/영문 번역본 첨부, 주요서류는 영사공증 또는 아포스티유 확인
초청인 준비서류: 고용단체 등 설립관련서류, 외국인 고용 필요성 입증서류(초청사유서, 고용추천서 등), 신원보증서(근무처변경·추가 신고 제한 직종 종사자만), 납세증명서(국세완납증명서), 지방세 납세증명

[필수서류]
공통:
- 사증발급신청서 (별지 제17호 서식), 여권, 표준규격사진 1매, 수수료
외국공관 행정요원:
- 주한 외국공관 협조요청 공문
- 고용계약서
- 학력 및 경력 등 입증서류
국제여객선 승무원:
- 고용업체 설립관련서류
- 고용계약서
- 학력 및 경력 등 입증서류 (학위증, 경력증명서, 이력서, 자격증 등)

[기타서류]
자국공관원의 자국국적 가사보조인: 재외공관 재량으로 체류기간 1년의 방문동거(F-1) 사증 발급
제3국인 행정·기능요원: 법무부장관 승인 또는 사증발급인정서로 발급","특정활동 비자는 어떤 사람이 받을 수 있어요?
전문인력이랑 숙련기능인력은 어떻게 구분돼요?
내 직종이 특정활동 비자 대상에 포함되는지 어떻게 알아요?

특정활동 비자 받으려면 학력은 어디까지 있어야 해요?
경력 없이 받을 수 있는 경우도 있나요?
연봉이 얼마 이상이면 학력·경력 모두 면제되나요?

특정활동 비자 신청은 어떻게 진행되나요?
고용추천서가 안 필요한 경우는 언제예요?
대학에서 외국인 채용할 때도 추천서 필요해요?

외국인 고용하려는 회사가 갖춰야 할 조건은 뭐예요?
세금 체납이 있으면 외국인 고용 못 하나요?
창업한 지 얼마 안 된 회사도 외국인 채용할 수 있어요?

주한 외국공관에서 행정요원으로 일하려면 어떤 비자 받아요?
국제여객선 승무원으로 일할 때 비자 신청 서류 알려주세요
공관 가사보조인은 어떤 자격으로 일하나요?

특정활동 직종에 90일만 일하려면 어떤 비자 받아요?
단기간 취업하는 경우는 사증 종류가 다른가요?
3개월 이하 일하는 사람도 같은 절차로 신청해요?

회사 직원 5명 미만이면 외국인 고용 못 하나요?
임금이 얼마 이상이어야 특정활동 비자 받을 수 있어요?
중소기업 특례로 임금 요건이 완화되는 경우는 어떤 거예요?

예전에 외국인 요리사로 일하던 사람도 새 규정 적용받나요?
숙련기능인력으로 전환한 시기에 따라 규정이 달라지나요?
경과규정에 따라 허가 제한될 수도 있어요?

특정활동 비자에서 어떤 직종이 허용되나요?
제가 하려는 일이 E-7 직종에 포함되는지 어떻게 확인해요?
숙련기능인력은 어떤 직종이 해당돼요?",E-7 특정활동 (p. 169~176),학력·경력 요건 + 국내기업 채용,"E-7-4 숙련 (변경), F-2-7 점수제, F-5 영주",F-3 동반,"특정활동, 전문인력, 외국인 채용"
E-7 (사증발급인정서),E-7,사증,사증발급인정서,사증발급인정서 발급 신청자,,"[표]
주무부처 고용추천 필수 직종 (28개 직종): 국내복귀기업 생산관리자(1413), 생명과학전문가(2112), 컴퓨터 하드웨어 기술자(2211), 전기공학 기술자(2341), 전자공학 기술자(2342), 플랜트공학 기술자(23512), 로봇공학 전문가(2352), 자동차·조선·비행기·철도차량공학전문가(S2353), 가스·에너지 기술자(2372), 선박관리전문가(1512), 여행업체 관리자(1521), 관광레저사업체 관리자(1521), 금융 및 보험전문가(272), 여행상품 개발자(2732), 공연기획자(2735), 기술경영 전문가(S2743), 아나운서(28331), 호텔접수사무원(3922), 의료코디네이터(S3922), 관광통역안내원(43213), 양식기술자(6301), 할랄도축원(7103), 조선용접공(7430), 선박전기원(76212), 선박도장공(78369), 항공기 정비원(7521), 항공기(부품) 제조원(S8417), 자동차 부품 제조원(S85411), 자동차 판금·도장원(S75104)
신원보증서 제출 필요 직종: 기계공학기술자(2351), 제도사(2395), 해외영업원(2742) 중 해외 온라인상품판매원, 디자이너(285), 판매사무원(31215), 주방장 및 조리사(441), 고객상담사무원(3991), 호텔접수사무원(3922), 의료코디네이터(S3922), 양식기술자(6301), 조선용접공(7430), 뿌리산업체 숙련기능공(S740)","신청절차: 초청업체 소재지 관할 출입국·외국인청(사무소·출장소)에 신청
온라인 신청: 주무부처 등 우수인재 고용추천 받은 경우 대한민국 비자포털에서 신청 허용
온라인 신청 우수인재 우대: KOTRA·중진공 골드카드 고용추천 받은 경우 온라인 신청 시 고용추천서 외 첨부서류 면제, 나머지는 외국인등록 시 제출
준법·사회공헌기업 우대: 국세청 지정 성실납세기업, 고용노동부 일자리 으뜸기업, 공정거래위원회 동반성장지수 우수기업, 출소자·제대군인 고용 우수기업은 고용업체 설립 관련 서류 및 고용 필요성 입증서류 면제",,,,,,,,,,초청업체 (공·사기관),"주무부처 고용추천 (필수 28개 직종), 신원보증서 (제출 필요 직종)","[필수서류]
- 사증발급인정신청서 (별지 제21호 서식)
- 여권사본
- 표준규격사진 1매
- 공·사기관 설립관련 서류 (사업자등록증, 고유번호증, 외국인투자기업등록증 등)
- 고용계약서 사본
- 납세증명서(국세완납증명서), 지방세 납세증명서
- 외국인 고용 필요성 입증서류 (초청사유서, 외국인활용계획서 등)
- 소관 중앙행정기관장 고용추천서 또는 관련 단체 추천서 (필수 직종에 한함)
- 신원보증서 (해당 직종에 한함)
- 자격요건 입증서류 (학위증, 경력증명서, 이력서, 유효한 자격증 등)

[기타서류]
대리인 신청 시 위임장, 대리인 재직증명서, 대리인 신분증 사본","특정활동 사증발급인정서 신청할 때 어떤 서류 챙겨요?
고용추천서가 꼭 필요한 직종은 어떤 거예요?
KOTRA 골드카드 추천 받으면 절차가 간소화돼요?",E-7 특정활동 / 사증발급인정서 공통 제출서류 (p. 177~178),학력·경력 요건 + 국내기업 채용,"E-7-4 숙련 (변경), F-2-7 점수제, F-5 영주",F-3 동반,"특정활동, 전문인력, 외국인 채용"
E-7 (E-7-91),E-7,사증,사증발급인정서,한·인도 CEPA 양허직종 인도 국적 독립전문가,,"인도 법인에 소속되지 않은 자영업자로서 우리나라의 법인 또는 개인과 서비스 공급계약을 체결하여 이행하기 위해 입국하는 독립전문가

한-인도 CEPA 전문가 양허직종(162개) 관련 학사 이상 학위 + 해당 분야 1년 이상 경력 (생물학자·생화학자는 박사학위 또는 동등 자격)",,,,,,,,,,,국내 법인 또는 개인사업자,,"[필수서류]
- 사증발급인정신청서 (별지 제21호 서식), 여권사본, 표준규격사진 1매
- 본인과 국내법인/개인사업자 간의 서비스공급 계약서
- 국내법인/개인사업자의 법인등기부등본 또는 사업자등록증 사본
- 납세사실증명서
- 학력입증서류, 경력입증서류
- 서비스공급의 필요성 입증서류 (활용계획서, 고용추천서 등)
- 기타 직종별 첨부서류

[기타서류]
대리인 신청 시 위임장, 대리인 재직증명서, 대리인 신분증 사본","인도 국적 독립전문가로 한국에 서비스 공급하러 가는데 비자 어떻게 받아요?
한-인도 CEPA 양허직종이면 학사 학위만 있으면 돼요?
생물학자도 같은 자격으로 신청할 수 있어요?",E-7 특정활동 / 한·인도 사증절차간소화협정 독립전문가 (p. 178~179),학력·경력 요건 + 국내기업 채용,"E-7-4 숙련 (변경), F-2-7 점수제, F-5 영주",F-3 동반,"특정활동, 전문인력, 외국인 채용"
E-7,E-7,사증,사증발급인정서,,,"한·러 협정: 모회사와 회사 설립 문서(정관)에 따라 모회사가 직접/간접 통제하는 회사 집단(지사·지점·연락사무소·자회사·계열회사)의 직원으로 국내에서 채용된 사람
한·우즈벡 협정: 대한민국에서 상업활동을 수행하는 회사 대표사무소에서 한시적으로 근무하기 위해 국내에서 채용되는 전문인력인 우즈베키스탄 국민

협정상 별도 자격기준 없음, 본 지침의 직종별 학력·경력요건 및 첨부서류 준용",,,,,,,,,,,모회사 지사·자회사·계열회사 또는 회사 대표사무소,,,"러시아 회사 한국 자회사에 직원으로 채용됐는데 어떤 비자 받아요?
우즈베키스탄 국적인데 한국 대표사무소 근무로 한시적 비자 받을 수 있어요?
한·러 협정 적용받으면 자격기준이 별도로 있나요?",E-7 특정활동 / 한·러 및 한·우즈벡 한시적 근로협정 (p. 179),학력·경력 요건 + 국내기업 채용,"E-7-4 숙련 (변경), F-2-7 점수제, F-5 영주",F-3 동반,"특정활동, 전문인력, 외국인 채용"
E-7 (E-7-1),E-7,사증,사증발급,"직종코드 1212~1522 관리자 (경영지원, 교육, 보험금융, 문화·예술·디자인·영상, 정보통신, 기타 전문서비스, 건설·광업, 제품생산, 농림·축산·어업, 영업·판매, 운송, 숙박·여행·오락·스포츠, 음식서비스 관리자)

전문가 및 관련 종사자 52개 직종 (생명과학·자연과학·사회과학·IT·공학·건축·간호·교육·법률·금융·기획·디자인·번역·통역·아나운서 등)",,"공통 심사기준:
- 기업의 운영부서 현황, 독립성, 운영부서 일반직원 수, 관리자(외국인) 임금수준 등을 고려하여 심사
- 원칙적으로 본사 운영부서 관리자에 한함
- 대기업 종사 관리자는 고용추천서 징구 면제 (2007.12.5. 규제개혁 장관회의 결정)
- 대기업/중소기업 구별은 중소기업기본법 시행령 제3조 및 별표 1
개별 직종 특례:
- 경제이익단체 고위임원(S110), 기업 고위임원(1120): 기업 자율성 존중, 학력·경력요건 없음
- 교육 관리자(1312): 학사 이상 + 관련 법령 교사 자격 및 경력 + 소정 절차에 따라 채용
- 보험·금융관리자(1320): 학사+경력 미흡해도 금융위원회 추천 시 실질심사 후 허가 (도입 불가: 대부 관련업체)
- 제품생산 관리자(1413) 국내복귀기업 특례: 산업통상부 선정 지원대상 국내복귀기업의 해외법인 근무 (학사 이상 6개월, 전문학사·기술자격증·수상경력·KOTRA KBC 경력확인 2년 이상), 업체당 고용허용인원은 내국인 피보험자(3개월 평균) 30% 이내
- 농림·축산·어업 관리자(14901) 농림기업 관리자: 별도요건(석사 이상 또는 학사+3년 경력)
- 음식서비스 관리자(1522): 전국 10개 이상 지점 또는 프렌차이즈 운영 요건
- 운송 관리자(1512) 선박관리전문가 특례: 선장·기관장·1등 항해사·기관사 승선경력자 1년 이상, 2·3등 5년 이상. 업체 요건: 해양수산부 등록 + 최근 3년 연평균 관리선박 10척 이상 + 선원임금 제외 외화수입 100만불 또는 매출 10억원 이상. 업체당 기본요건 당 1명씩 최대 5명
- 숙박·여행·오락·스포츠 관리자(1521): 여행업체·관광레저사업체 관리자는 관광사업등록증 사본 추가 (도입 불가: 여관 관리자)

일반 자격요건:
- 도입직종 연관 석사 이상 학위 또는
- 도입직종 연관 학사 + 1년 이상 경력 또는
- 도입직종 연관 5년 이상 경력
개별 직종별 특례:
- 생명과학 전문가(2111), 농림·임·축산학 분야: 별도요건
- 컴퓨터 하드웨어 기술자(2211) 국내복귀기업: 학사 6개월/전문학사·기술자격증·KOTRA KBC 경력확인 2년 이상 (업체당 30% 이내)
- 시스템 소프트웨어 개발자(2222) 베트남 SW인력 특례: 베트남 우수대학 졸업(예정)자가 중소벤처기업부 매년 선발 SW 교육과정 이수 후 중소·벤처기업 취업 시 1년 경력 면제 (2025~2026 시범운영)
- 외국인학교·외국교육기관·국제학교·영재학교 교사(2599): 관련 법령 자격 + 경력
- 간호사(2430): 한국 의료기사·간호조무사 등 면허 요건
- 금융·보험 전문가(272): 학위 없는 경력 5년 이상자도 가능 (학력 면제)
국내복귀기업 특례 적용 직종: 생명과학·컴퓨터 하드웨어·전기·전자·플랜트·로봇·자동차·조선·비행기·철도차량·가스·에너지·기계 기술자 등 (국내복귀기업 선정확인서 + 해외법인 경력)",,,,,,영업소장 등 영업·판매 관리자 도입 불가,대기업 관리자는 고용추천서 면제,,,,본사 운영부서,"직종별 소관 부처장 고용추천 (중소기업 관리자에 한함)

직종별 소관 부처(산업통상자원부 KOTRA, 보건복지부, 농림축산식품부, 해양수산부, 중소벤처기업부, 국토교통부, 금융위원회, 문화체육관광부, 과학기술정보통신부 등)",,"기업 관리자로 한국 가려면 어떤 요건 충족해야 해요?
대기업 관리자도 고용추천서 받아야 하나요?
국내복귀기업의 관리자 채용은 별도 조건이 있나요?

IT 개발자로 한국 취업하려면 학력이 어느 정도 있어야 해요?
경력만 5년 있으면 학위 없어도 신청 가능해요?
국내복귀기업 채용은 어떤 특례가 있어요?",E-7-1 전문인력 / 관리자 직종 (1212~1522) 공통 심사기준 (p. 185~186),학력·경력 요건 + 국내기업 채용,"E-7-4 숙련 (변경), F-2-7 점수제, F-5 영주",F-3 동반,"특정활동, 전문인력, 외국인 채용"
E-7 (E-7-2),E-7,사증,사증발급,사무종사자 및 서비스 종사자,"사무종사자: 면세점·제주영어교육도시 판매 사무원(31215), 항공운송 사무원(31264), 호텔 접수 사무원(3922), 의료 코디네이터(S3922), 고객상담 사무원(3991)
서비스 종사자: 운송 서비스 종사자(431), 관광 통역 안내원(43213), 카지노 딜러(43291), 주방장 및 조리사(441), 요양보호사(42111)","공통: 일반 요건 적용 + 임금요건 최저임금 이상 (일부는 GNI 0.8배 이상)
주방장 및 조리사(441): 외국인 요리사 별도 기준 (요리경연대회 입상 또는 자격증+경력 3~5년 또는 향토음식 경력 10년)
요양보호사(42111): 국내 전문학사 이상 + 요양보호사 자격증 + 한국어 (KIIP 3급 또는 사전평가 61점 또는 TOPIK 3급). 임금은 당해연도 최저임금 이상. 노인의료복지시설(장기요양기관지정서 기관기호 1)에서 근무. 시범운영기간 2024~2025년 연간 400명 한도
카지노 딜러: 별도 기준
관광 통역 안내원(43213): 관광통역안내사 자격증 필수
의료 코디네이터(S3922): 의료 관련 학위 + 한국어 능력

[표]
주방장·조리사 외국인 요리사 추가 첨부서류 및 고용업체 기준 (안산 다문화마을·인천 차이나타운 특구 별도)",,,체류기간 상한 2년 단수사증,체류기간 상한 2년 단수사증,,,,,,요양보호사 연간 400명 (2024~2025 시범운영). 일부 직종 업체당 국민고용 20% 이내,,"직종별 소관부처 고용추천 (관광통역안내원-문화체육관광부, 요양보호사-보건복지부 등)",,"요양보호사로 한국에서 일하려면 무슨 자격 필요해요?
호텔 프론트 직원 자격으로 한국 가려면 어떻게 해요?
외국인 요리사 비자 받으려면 경력이 얼마나 있어야 해요?",E-7-2 준전문인력 / 직종별 세부심사 (10개 직종) (p. 219~),학력·경력 요건 + 국내기업 채용,"E-7-4 숙련 (변경), F-2-7 점수제, F-5 영주",F-3 동반,"특정활동, 전문인력, 외국인 채용"
E-7 (E-7-3),E-7,사증,사증발급,일반기능 분야 14개 직종 종사자,,"공통: 국내 체류 중 음주운전·폭행·절도 등 형사범죄경력 있을 시 사증발급인정서 발급 억제
동물사육사(61395): 일반 요건 적용, 국민고용 20% 한도
양식기술자(6301): 수산분야 학사 이상 또는 수산분야 전문학사+해당 양식기술 2년 이상 또는 5년 이상 경력. 해양수산부 등록업체. 임금 GNI 0.8배 이상. 도입 가능 품목: 해삼 외에 시범운영(어류·패류·갑각류·해조류·무척추동물). 1개 업체당 3명(시범운영 2명). 시범운영 2026.1.~2027.12. 연 200명
할랄 도축원(7103): 고등학교 이상 + 5년 이상 할랄 도축 경력 (자격증 소지자는 3년). KMF·해외 인증기관에서 할랄 도축장 인증 받은 업체. 매출 80억 이하 3명, 80억 초과 7명 이내
악기 제조·조율사(7303): 10년 이상 경력
조선 용접공(7406): 중급 이상 조선용접공 자격증 + 2년 이상 경력 + 현지 기량검증 통과. AWS·ASME·ISO·EN·국제선급협회 자격증. 조선업 전업률 50% 이상 + 매출 10억 + 상시근로자 10인 (소기업 면제) + 이탈자 없음. 국민고용 30% 이내. 임금 GNI 0.8배 (도입 3년차까지 2,515만원 완화). 사회통합프로그램 사전평가 21점 이상 또는 1단계 이수 또는 TOPIK 2급
선박 전기원(76212): 학사+1년 또는 전문학사+5년 경력. 기량검증 통과 시 경력 완화 (학사 면제, 전문학사 2년). 조선업체 GNI 0.8배 이상
선박 도장공(78369): 화학·화학공학·재료공학·조선공학·건축공학·자동차공학·기계공학 전문학사+5년 또는 학사+1년. 기량검증 통과 시 경력 완화
항공기 정비원(7521): 일반요건 적용, 국토교통부장관 고용추천 필수
항공기(부품) 제조원(S8417): 이공계 석사 이상 또는 이공계 학사+1년 또는 5년 경력. 매출 10억 + 상시근로자 10인 + 법 위반·이탈 없는 업체. 임금 GNI 0.8배. 시범운영 2024~2025 연 300명
송전 전기원(76231): 자격증+1년 또는 5년 경력. 기량검증 통과. 임금 월 350만원(연 4,200만원). 한국전력공사 송전공사 수주 건설업체. 시범운영 2024~2027 연 300명. 업체당 최대 30명
자동차 부품제조원(S85411): 이공계 학사 또는 전문학사+1년 또는 5년 경력 + 기량검증. 비수도권 300인 미만 사업장. 국민고용 30% 이내. 임금 GNI 0.7배. 시범운영 2025.10.~2027.9. 연 100명 (금형 40, 성형 30, 용접 30)
자동차 판금·도장원(S75104): 자동차 정비 관련 전문학사+3년 또는 5년 경력 + 기량검증. 종합정비업 등록 업체. 국민고용 20%. 임금 GNI 0.7배
건설기계(부품)제조원(S85513): 학위+경력+기량검증. 시범운영 2026.2.~2028.1. 연 100명. 한국건설기계산업협회 등 기량검증","조선업 등 사회통합프로그램: 입국 후 1년 이내 KIIP 사전평가 21점+2단계 배정 또는 1단계 이수 또는 TOPIK 2급 (유학생 특례 적용 대상자 면제). 미충족 시 6개월씩 최대 1년 연장
근무처 변경: 휴·폐업·경영악화·고용계약 만료 등 외국인 귀책사유 없을 때만 허용",,체류기간 상한 2년 단수사증,체류기간 상한 2년 단수사증,,"국내 체류 중 형사범죄경력 있을 시 발급 억제
동물사육사·항공기 정비원·일부 직종: 국민고용 20% 한도
자동차 부품제조원: 수도권(서울·경기·인천) 제외 비수도권 300인 미만 사업장만 허용
여러 직종에서 무단이탈자 발생 시 이탈일로부터 1~2년간 이탈 인원수 고용허용에서 공제","유학생 특례 (조선·항공기·자동차·건설기계 등): 국내 대학 이공계 전문학사 이상 + 산업통상부 장관 고용추천 시 경력요건 면제 또는 자격변경 허용
소기업 특례: 조선업 소기업은 상시근로자 10인 요건 면제 + 최소 5명 + 연매출 20억당 1명 추가",,,"직종별 시범운영 연간 쿼터 (양식 200, 항공기 부품 300, 송전 300, 자동차 부품 100, 건설기계 100 등)",직종별 인증·등록 업체,"필수 - 산업통상자원부, 해양수산부, 농림축산식품부, 국토교통부 등 직종별 소관 부처",,"조선업 용접공으로 한국 가려면 어떤 기량검증을 받아야 해요?
선박 도장공 자격증 없이 경력만으로 비자 받을 수 있어요?
한국에서 항공기 부품 제조에 취업하려면 어떤 학위가 필요해요?",E-7-3 일반기능인력 / 직종별 세부심사 (14개 직종) (p. 231~),학력·경력 요건 + 국내기업 채용,"E-7-4 숙련 (변경), F-2-7 점수제, F-5 영주",F-3 동반,"특정활동, 전문인력, 외국인 채용"
E-7 (E-7-S2),E-7,사증,사증발급인정서,첨단산업분야 종사(예정)자 (반도체·바이오·디스플레이·신재생에너지 등 산업발전법 제5조 첨단기술),,점수 60점 이상 + 소득 GNI 1배 이상 + 첨단산업 분야 종사 + 제한 직종에 취업하지 않을 것,,,,,,"사무종사 및 단순노무, 선량한 풍속에 반하는 업종, 국가안보 사유 제한 분야(뉴스통신사업자 대표이사 등) 취업 불가",국민고용 보호 심사 기준 비적용,,"[필수항목] 소득 (연령 연동, 최대 45점):
- 9,000만원 이상: 20-29세 45점, 35세 40점, 39세 35점, 40세+ 30점
- 8,000~9,000만원: 40/35/30/25점
- 7,000~8,000만원: 35/30/25/20점
- 6,000~7,000만원: 30/25/20/15점
- 5,000~6,000만원: 25/20/15/10점
- GNI 1배 이상~5,000만원: 20/15/10/0점

[표]
E-7-S2 첨단산업 분야 네거티브 비자 점수표 (필수 소득 + 미래기여 + 가점)",,,KOTRA 고용추천 (가점),,"첨단산업 분야 네거티브 비자 점수는 어떻게 계산되나요?
소득이 얼마 이상이면 점수가 높아요?
한국어 시험 잘 보면 점수 더 받을 수 있어요?",E-7-S2 첨단산업분야 네거티브 비자 점수표 (p. 248~250),학력·경력 요건 + 국내기업 채용,"E-7-4 숙련 (변경), F-2-7 점수제, F-5 영주",F-3 동반,"특정활동, 전문인력, 외국인 채용"
E-7 (E-7-S),E-7,사증,사증발급,,,"E-7-S1 고소득자: 소득이 전년도 1인당 국민총소득(GNI)의 3배 이상인 전문인력. 학력·경력·분야에 관계없이 E-7 발급
E-7-S2 첨단산업분야 종사자: 산업발전법 제5조 첨단 기술분야 종사(예정) 전문인력. 점수 60점 이상 + GNI 1배 이상 + 첨단산업 분야 + 제한 직종 미취업

E-7-S1: 소득 GNI 3배 이상 + 제한 직종(사무종사·단순노무·풍속 위반·국가안보 사유 제한) 미취업
E-7-S2: 점수 60점 이상 + 소득 GNI 1배 이상 + 첨단산업 분야(반도체·바이오·디스플레이·신재생에너지 등) + 제한 직종 미취업
첨단산업분야 인정 기준: 산업발전법 제5조 및 「첨단기술 및 제품의 범위」(산업통상자원부 고시 제2022-36호) 3,043개 첨단기술·제품과 정확히 일치하는 분야 (필요 시 산업통상자원부 '첨단기술·제품 확인서' 확인)",,,,,,"사무종사·단순노무 업종, 선량한 풍속 위반 업종, 국가안보 사유 제한 분야(뉴스통신사업자 대표이사 등)",국민고용 보호 심사 기준 비적용,,E-7-S2는 60점 이상 충족 필요,,,,,"네거티브 방식 전문인력 비자는 어떤 사람이 대상이에요?
연봉이 GNI 3배 이상이면 학력 없이도 비자 받을 수 있어요?
반도체·바이오 분야 종사자도 이 비자 받을 수 있나요?",E-7-S 네거티브 방식 전문인력 비자 (p. 247~248),학력·경력 요건 + 국내기업 채용,"E-7-4 숙련 (변경), F-2-7 점수제, F-5 영주",F-3 동반,"특정활동, 전문인력, 외국인 채용"
E-7 (E-7-S),E-7,사증,체류자격 변경,,,"점수제 거주(F-2-7) 자격변경 특례:
- 대상: E-7-S 자격으로 국내 1년 이상 체류 + 현재 정상적으로 취업 활동 중
- 요건: E-7-S2 점수제 요건(60점 이상) 충족 (E-7-S1은 소득만 확인) + 사회통합프로그램 3단계 이상 이수 또는 배정
- 내용: 점수제 거주(F-2-7) 점수제 요건 적용 면제 (단, 품행·취업제한분야 미종사 등 점수제 외 요건 적용)
점수제 영주(F-5-16) 자격변경 특례:
- 대상: E-7-S에서 점수제 거주(F-2-7)로 자격 변경하여 국내 3년 이상 체류 + 현재 취업 중
- 요건: E-7-S1→F-2-7은 소득 요건(GNI 3배 이상) 충족, E-7-S2→F-2-7은 E-7-S2 점수제 요건(60점 이상) 충족
- 내용: E-7-S2→F-2-7 자격변경자 완화 생계유지 요건 적용 (GNI 2배→1배)",,,,,,,"F-2-7 점수제 요건 적용 면제 (E-7-S 자격자)
F-5-16 영주 자격변경 시 생계유지 요건 완화 (E-7-S2→F-2-7)",,,,,,,"네거티브 비자에서 거주 비자로 바꿀 때 점수제 안 따져도 돼요?
영주권으로 바꾸려면 어떤 조건 충족해야 해요?
E-7-S1에서 거주로 바꾸려면 소득이 얼마 이상이어야 하나요?",E-7-S / 거주(F-2) 및 영주(F-5) 자격변경 특례 (p. 248~249),학력·경력 요건 + 국내기업 채용,"F-2-7 점수제 거주 (1년 이상), F-5-16 점수제 영주 (3년 이상)",F-3 동반,"특정활동, 전문인력, 외국인 채용"
E-7 (E-7-4),E-7,체류,체류자격 변경,,,"[표]
E-7-4 K-point 35,000명 선발 유형별 표",사증발급인정서 발급 및 체류자격 변경 접수·심사 → 본부(체류관리과) 쿼터 배정 요청 → 쿼터 번호 발부 → 허가,,,,,,,,,"K-point E74 총 선발인원: 35,000명
- 기업추천 개인트랙: 12,000명 (34%)
중앙부처 추천 (32%):
- 고용부 제조업: 3,650명 (10%)
- 산업부 뿌리산업: 1,900명 (5%)
- 농림부 농축산업: 1,600명 (5%)
- 산업부 조선업: 1,600명 (5%)
- 해수부 어업·내항상선: 600명 (2%)
- 국토부 건설업: 300명 (1%)
- 중기부 제조업: 1,650명 (4%)
- 광역지자체 추천(17개 시도): 5,500명 (16%)
- 탄력배정 쿼터: 6,200명 (18%)",,"기업추천, 중앙부처(고용부·산업부·농림부·해수부·국토부·중기부), 광역지자체(17개 시도)",,"숙련기능인력 비자 한 해에 몇 명 뽑나요?
조선업 분야 쿼터는 얼마나 돼요?
지자체 추천으로 받는 인원도 있어요?",E-7-4 숙련기능인력 / 유형별 선발계획표 (K-point E74) (p. 238),E-9/E-10/H-2 자격 최근 10년 중 4년+ 체류 + 점수제 200점/300점,"F-2-7 점수제, F-5-16 영주",F-3 동반,"숙련기능, K-point E74, 점수제"
E-7 (E-7-4),E-7,체류,체류자격 변경,"현재 1년 이상 근무 중인 기업에서 추천을 받은 자

현재 E-9, E-10, H-2 자격으로 한국에 등록되어 정상 근로 중인 외국인 근로자","기업 추천 개인트랙, 중앙부처 추천(고용부·산업부·농식품부·해수부·국토부), 광역지자체 추천, 탄력 배정 쿼터 대상자","기업 추천 개인트랙: 현재 1년 이상 근무 중인 기업의 추천을 받고 중앙부처·지자체 추천 없이 전환요건 점수 이상이면 신청 가능
추천 쿼터: 현재 1년 이상 근무 중인 기업 추천 + 중앙부처 또는 광역지자체 추천
광역지자체 추천: 1년 이상 해당 광역지자체 소재 기업 근무자, E-7-4 전환 후 2년 이상 해당 광역지자체에 체류지 유지
비수도권 특례 전환자는 4년 체류 요건과 상관없이 해당 업체 근무 및 의무 거주기간 3년

최근 10년간 E-9·E-10·H-2 자격으로 4년 이상 체류한 등록외국인으로 현재 근무처에서 정상 근로 중
비수도권(서울·경기·인천 제외)에서 3년 이상 체류 중인 자가 광역지자체 추천을 받은 경우 포함

① 최근 10년간 E-9·E-10·H-2 자격으로 4년 이상 체류 + 현재 근무처에서 정상 근로 중
② 현재 근무처에서 연봉 2,600만원 이상으로 향후 2년 이상 E-7-4 고용계약(농·축산업, 어업·내항상선 종사자는 2,500만원 이상)
③ 현재 1년 이상 근무 중인 기업의 추천(상시근로자 수의 20% 범위 내 추천, 현재 E-9·E-10 고용 기업은 최소 1명 추천 가능)
④ 점수제 총점 300점 중 가점 포함 최소 200점 이상(기본항목 평균소득·한국어능력 각각 50점 이상)
최근 2년 연간 평균소득 2,500만원 이상(농·축산·어업·내항상선 2,400만원 이상)
한국어능력: TOPIK 2급 또는 사회통합프로그램 2단계 이수 또는 사전평가 3단계 배정(41점) 이상
한국어 요건 한시적 유예(~2026.12.31.): 다른 요건 충족 시 최초 연장(2년)까지 보완 조건으로 유예
2년 내 한국어 미충족 시 가족초청 불가 및 이후 체류기간 6개월만 부여

허가 내용: 체류자격 변경만 허용(신규 비자발급 대상 아님)

한국어능력 입증 가능 시험·이수 과정
사회통합프로그램 사전평가(KIIP TEST): 평가 홈페이지 www.kiiptest.org, PBT 전국동시 평가는 연중 다수 차수 운영, 광명·대전 CBT센터는 주 4회 평가 후 평균 2일 후 결과발표
광명 CBT: 매주 월·화·수·금 평가
대전 CBT: 매주 금·토·일·월 평가
사회통합프로그램 이수(KIIP): 법무부 사회통합정보망 www.socinet.go.kr 교육일정 확인
한국어능력시험(TOPIK): 토픽 홈페이지 www.topik.go.kr 평가일정 확인","일정: 연중 상시 접수
방법: 하이코리아 전자민원 온라인 접수 원칙(www.hikorea.go.kr 공지사항 참고)
신청 5부제: 출생 연도 끝자리에 따른 신청 요일 지정
- 끝자리 1·6: 월, 2·7: 화, 3·8: 수, 4·9: 목, 5·0: 금
고령자, 격오지, 첨부서류 과다자 등 관할기관장이 판단해 대면 접수가 불가피한 경우에만 예외적으로 대면 접수 허용
하이코리아 전자민원 신청 가능 시간: 평일 오전 7시~오후 10시 (문의 1345)
업로드 파일: 2MB 이하 jpg·bmp·png·tif·pdf, 증명사진은 95KB 이하 jpg

중앙부처 추천: 고용기업 추천자 중 부처별 지정된 영역에 한해 추천 가능, 추천 명단을 주 단위로 법무부(체류관리과)에 공문 송부, 외국인은 별도 추천서 제출 없이 자체심사표에 추천 여부 표시
부처별 영역: 고용부·중기부 → 제조업, 산업부 → 뿌리산업·조선업, 농식품부 → 농축산업, 해수부 → 어업·내항상선, 국토부 → 건설업
광역지자체 추천: 1년 이상 해당 광역지자체 소재 기업에 근무 중인 외국인을 추천, E-7-4 전환 후 2년간 해당 광역지자체에 체류(비수도권 특례 전환자는 의무기간 3년)
17개 광역지자체 중 추천 희망 지자체가 추천(산하 기초지자체 추천 취합), 직종(영역) 상관없이 E-7-4 전환 가능 영역 추천
고용기업 추천: 현재 1년 이상 근무 중인 기업의 대표가 추천, 기업 직종(영역)에 맞게 추천, E-7-4 신청 시 추천서 및 추천자 신분증 사본 직접 제출",일반적인 자격변경 수수료 적용(전자민원 감면 포함),,"1회 부여 체류기간 2년 이내(고용계약 범위 내)
신원보증기간이 2년보다 짧으면 체류기간 2년 부여 불가","1회 부여 체류기간 2년 이내(고용계약 범위 내)
잔여 여권 유효기간이 6개월 미만인 경우 1회에 한해 확인서 징구 후 여권 유효기간을 6개월로 간주하여 체류기간 부여(단, 고용계약기간은 2년 이상)
시행일: 2024.11.27.(수)","아래 항목 중 하나라도 해당하면 불가(①·③·④는 최근 10년 이내 사항만 해당)
① 벌금 100만원 이상의 형을 받은 자
② 조세 체납자(완납 시 신청 가능)
③ 출입국관리법 4회 이상 위반자
④ 불법체류 경력 3개월 이상인 자
⑤ 대한민국의 이익이나 공공의 안전 등을 해치는 행동을 할 염려가 있다고 인정할 만한 자
⑥ 경제질서·사회질서·선량한 풍속을 해치는 행동을 할 염려가 있다고 인정할 만한 자
고용기업이 시행 이후 임금체불, 폭행 등 인권침해 또는 외국인 불법고용 발생 시 즉시 추천권 박탈 및 향후 5년간 추천 불허
세금(국세·지방세) 체납 사실 있는 업체는 고용기업에서 제외",,,"점수제 총점 300점 만점(가점 제외), 가점 포함 200점 이상 득점 필요

전환요건 점수: 300점 만점(가점 제외) 중 200점 이상(가점 포함) 득점
기본항목 - Ⓐ 평균소득(최근 2년 연간 평균) 최대 120점: 2,500~3,000만 50점 / 3,000~3,500만 65점 / 3,500~4,000만 80점 / 4,000~4,500만 95점 / 4,500~5,000만 110점 / 5,000만~ 120점 (농·축산·어업·내항상선은 2,400만원 이상 적용)
기본항목 - Ⓑ 한국어능력 최대 120점: 2급/2단계/41~60점 → 50점, 3급/3단계/61~80점 → 80점, 4급/4단계/81점 이상 → 120점
기본항목 - Ⓒ 나이 최대 60점: 19~26세 40점, 27~33세 60점, 34~40세 30점, 41세~ 10점
가점: 추천 중 고용기업 30점, 중앙부처 30점, 광역지자체 50점 / 현근무처 3년 이상 근속 20점 / 인구감소지역·읍면지역 3년 이상 근무 20점 / 자격증 또는 국내 학위 20점 / 국내 운전면허증 10점 (①~⑥ 중복 가능, ①의 중앙부처와 광역지자체 추천은 하나만 인정)
감점(신청일 기준 10년 이내, 최대 50점): 벌금 100만원 미만 형 1회 5점·2회 10점·3회 이상 20점(최대 20점) / 체납 체류허가 제한 1회 5점·2회 10점·3회 이상 15점(최대 15점) / 출입국관리법 3회 이하 위반 행정처분 1회 5점·2회 10점·3회 이상 15점(최대 15점)
한국어 한시적 유예 대상자는 한국어 외 점수 요건 충족(총점 150점 이상) 시 신청 가능

[표]
K-point E74 점수표: 기본항목(평균소득·한국어·나이) + 가점(추천·근속·지역·자격증·면허) - 감점(벌금·체납·법위반)",탄력 배정 쿼터를 별도로 마련해 추가 배정이 필요한 분야에 탄력적으로 운영,상시근로자(4대 사회보험 명부 3개월 이상 등재된 국민·취업가능 외국인) 수의 20% 이내에서 추천,"중앙부처(고용부·산업부·농식품부·해수부·국토부), 광역지자체, 고용기업 추천

고용기업 추천(필수 + 가점), 중앙부처 추천 또는 광역지자체 추천은 선택(중복 시 하나만 인정)

추천 가점: 고용기업 30, 중앙부처 30, 광역지자체 50 (중앙·광역 중복 시 하나만 인정)

추천 유형 3종: 중앙부처 추천(부처별 영역 한정), 광역지자체 추천(17개 시·도), 고용기업 추천(현 근무 기업 대표)
중앙부처 연락처: 농식품부 농업경영정책과 044-201-1720, 산업부 조선해양플랜트과 044-203-4333 / 산업공급망정책과 044-203-4907, 고용부 외국인력담당관실 044-202-7737, 국토부 건설산업과 044-201-3546, 해수부 소득복지과 044-200-6013 / 선원정책과 044-200-5744, 중기부 인력정책과 044-204-7450
광역지자체 소관 부서 연락처: 서울 경제정책과 02-2133-5214, 부산 경제정책과 051-888-4374, 인천 디아스포라유산과 032-440-1563, 대구 고용노동정책과 053-803-3245, 광주 외국인주민과 062-613-3072, 울산 경제정책관 052-229-2743, 세종 기업지원과 044-300-4813, 경기 외국인정책과 031-8030-4662, 경남 경제인력과 055-211-3404, 경북 외국인공동체과 054-880-4550, 충남 일자리노동정책과 041-635-3414, 전남 인구청년정책관 061-286-2571, 전북 대외협력과 063-280-2116·2082, 충북 인구청년정책담당관 043-220-4792, 강원 균형발전과 033-249-2197, 제주 고용센터 064-710-4408~10, 대전 일자리경제과 042-270-4592","[공통서류]
- 통합신청서(별지34호) (외국인 본인)
- 여권사본 인적사항면 (외국인 본인)

[필수서류]
- 점수제 자체 심사표(붙임7 양식) (외국인 본인)
- 신상 기술서(붙임8 양식) (외국인 본인)
- 표준근로계약서 E-7-4 계약서 (외국인 본인)
- 세무서 발행 소득금액증명원 최근 2년간 평균소득 확인용 (외국인 본인)
- 한국어능력 입증서류 (TOPIK은 점수표 제출, 사회통합프로그램 이수·사전평가 점수는 이수증·성적표 제출 생략)
- 신원보증서(별지129호) 고용주가 신원보증인 (외국인 본인)
- 사업자등록증 사본 또는 농업경영체등록(국립농산물품질관리원) (현재 근무처)
- 납세증명서, 지방세납세증명서 기업 세금체납 여부 확인용 (현재 근무처)
- 4대 보험 가입자 명부(고용보험 가입자 명부) 또는 농업경영체등록, 공사금액입증 서류(건설업) (현재 근무처)
- 고용기업 추천서(붙임9) 및 추천자 신분증 사본 (현재 근무처)

[기타서류]
- 국내 자격증 사본 (가점 해당자만)
- 국내 학위증 사본 (가점 해당자만)
- 국내 운전면허증 사본 (가점 해당자만)
- 뿌리기업 확인서 (뿌리기업만)
- 원청확인서 또는 기자재업체확인서 (조선업만)
- 내항여객운송사업면허증 또는 내항화물운송사업등록증 (내항정기운송사업만)","숙련기능 비자로 전환할 때 쿼터가 어떻게 나뉘어 있어요?
회사 추천만 받아도 신청할 수 있나요 아니면 부처 추천이 꼭 필요해요?
지방에서 일하면 추천 받기 더 쉬워요?

숙련기능 자격 변경은 어디서 신청해요?
온라인 신청할 때 무슨 요일에 해야 해요?
파일 첨부할 때 용량 제한이 어떻게 돼요?

비숙련에서 숙련으로 바꿀 때 몇 년 일해야 돼요?
연봉이 얼마 이상이어야 신청할 수 있어요?
한국어 능력 시험은 어느 정도 점수면 돼요?

숙련기능 점수제는 어떻게 점수가 매겨져요?
몇 살일 때 점수가 제일 높아요?
벌금 받은 적 있으면 점수 얼마나 깎여요?

벌금 받은 적이 있는데 숙련기능으로 바꿀 수 있어요?
세금 밀린 적 있으면 신청 안 돼요?
불법체류한 적이 있는데 신청 가능해요?

숙련기능으로 바꾸면 한 번에 얼마나 머물 수 있어요?
여권 유효기간이 얼마 안 남았는데 어떻게 해요?
수수료는 얼마예요?

숙련기능 자격변경할 때 어떤 서류를 내요?
회사에서 어떤 서류를 같이 준비해줘야 해요?
자격증 있으면 따로 제출해야 돼요?

숙련기능 비자 전환할 때 어느 부처에 추천받아야 해요?
회사 추천 말고 지자체에서도 추천을 받을 수 있어요?
추천서를 받으면 직접 제출해야 하나요 아니면 부처가 보내주나요?

한국어 실력은 어디서 시험을 봐야 인정이 돼요?
사회통합프로그램 사전평가는 어디서 신청해요?
CBT 평가는 며칠에 한 번씩 열려요?",E-7-4 숙련기능인력 / K-point E74 쿼터 유형 (p. 235~238),E-9/E-10/H-2 자격 최근 10년 중 4년+ 체류 + 점수제 200점/300점,"F-2-7 점수제, F-5-16 영주",F-3 동반,"숙련기능, K-point E74, 점수제"
E-8,E-8,사증,사증발급인정서,"농·어번기 일손부족 해결을 위해 최대 8개월간 합법적으로 고용되는 외국인 계절근로자
단기취업 계절근로(C-4-1~4)는 최대 90일 고용 가능했으나 2025년부터 비자 발급 중단","E-8-1: MOU 체결 외국지자체 주민 (농업)
E-8-2: 결혼이민자의 해외 거주 4촌 이내 친척 (농업)
E-8-3: MOU 체결 외국지자체 주민 (어업)
E-8-4: 결혼이민자의 해외 거주 4촌 이내 친척 (어업)
E-8-5: 기타(G-1) 자격으로 농업분야 계절근로 후 재입국한 자
E-8-6: 기타(G-1) 자격으로 어업분야 계절근로 후 재입국한 자
E-8-7: 유학생(D-2)의 부모 (농업)
E-8-8: 유학생(D-2)의 부모 (어업)
E-8-99: 언어소통 도우미 등 기타 보조 인력

지자체가 고용주에게 배정한 해외 체류 외국인(국내 체류 가족은 사증발급인정서 신청 대상이 아니며 체류자격 외 활동허가 신청 대상)","법무부장관이 관계 중앙행정기관의 장과 협의해 정하는 농작물 재배·수확(연계 원시가공 포함) 및 수산물 원시가공 분야 취업 활동을 하려는 사람으로서 법무부장관이 인정하는 사람

내국인 사전 구인 절차 의무화, 외국인 인권침해 및 불법체류 방지, 고용허가제와 상충되지 않도록 운영, 농·어촌 상황 반영 지자체 자율성 부여
신청 주체: 기초자치단체장
허용 업종: 계절성으로 8개월 동안 노동력이 집중 필요한 농·어업(농업분야 농림축산식품부, 어업분야 해양수산부 심사 후 법무부 최종 결정)","계절근로(E-8) 사증은 청장·사무소장 또는 출장소장이 발급한 사증발급인정서에 의해서만 발급
신청자: 시·군·구 기초자치단체장
신청 시기: 농·어업 작업시기, 사증발급인정서 발급 소요 기간(신청일로부터 약 10일), 외국인 사증 준비 및 자국 출국 행정절차 소요 기간 고려
신청 방법: 비자포털(www.visa.go.kr)을 통하여 신청
비자포털에 부정확한 정보 입력으로 반려되는 경우 적정 시기에 계절근로자를 초청하지 못하는 문제 발생, 추천자 및 허용분야를 확인해 정확한 사증 종류를 신청하고 필요 정보를 정확히 입력할 것",,E-8 사증은 모두 단수 사증,1회 부여 체류기간 상한: 8개월(총 체류기간 8개월 초과 불가),1회 부여 체류기간 상한: 8개월(총 체류기간 8개월 초과 불가),,,,,"배정심사협의회(법무부·행안부·농식품부·해수부·고용부)가 지자체별 총인원 배정, 지자체가 농·어가별 배정
농·어가당 연간 최대 14명까지 배정 가능(면적 기준 9명 + 추가 5명 가능)

농업분야 허용 작물 및 재배면적별 허용인원(5~9명 이하, 영세 농가는 지자체장/관할 청장 판단으로 조정 가능)
시설원예·특작: 2.6 미만 5명 / 2.6~3.9 6명 / 3.9~5.2 7명 / 5.2~6.5 8명 / 6.5 이상 9명 (단위 1000㎡)
버섯: 5.2 미만 5명 / 5.2~7.8 6명 / 7.8~10.4 7명 / 10.4~13 8명 / 13 이상 9명
과수: 16 미만 5명 / 16~24 6명 / 24~32 7명 / 32~38 8명 / 38 이상 9명
인삼·일반채소: 12 미만 5명 / 12~18 6명 / 18~24 7명 / 24~30 8명 / 30 이상 9명
종묘재배: 0.35 미만 5명 / 0.35~0.65 6명 / 0.65~0.86 7명 / 0.86~1.06 8명 / 1.06 이상 9명
기타원예·특작: 7.8 미만 5명 / 7.8~11.7 6명 / 11.7~15.6 7명 / 15.6~19.5 8명 / 19.5 이상 9명
곡물: 50 미만 5명 / 50~300 6명 / 300~400 7명 / 400~500 8명 / 500 이상 9명
기타 식량작물: 7 미만 5명 / 7~10 6명 / 10~13 7명 / 13~16 8명 / 16 이상 9명
곶감 가공: 70접 미만 5명 / 70~80접 6명 / 80~90접 7명 / 90~100접 8명 / 100접 이상 9명
어업분야 허용 수산물: 해조류(김 건조 등), 어패류(멸치·가자미·오징어·명태·과메기 건조, 굴 선별 등), 피낭류(멍게류 양식)
어업 생산규모별 허용인원: 마른김 30만속 미만 5명~70만속 이상 9명 / 멸치 건조 8만박스 미만 5명~20만박스 이상 9명
피낭류 양식: 어가별 2명 이하 / 가리비 양식(고성군 5ha 미만, 시범) 어가별 2명 이하 / 전복종자 양식 어가별 3명 이하

[표]
농업·어업 분야 작물·수산물별 재배·생산 규모에 따라 5~9명 단계로 허용인원 배정",지자체가 사증 신청 절차를 대행하여 농·어가 부담 제거,"국내지자체-외국지자체 MOU 체결, 결혼이민자 추천, 유학생 부모 초청, G-1-19 재고용 추천 등 다양한 선정 경로","[필수서류]
- 표준근로계약서
- 내국인 구인노력 증빙자료(구인 광고내용 사본 및 최종 구인실적 등)
- 외국인 계절근로자 여권 사본
- (계절근로자에게 제공 예정인) 숙소시설표

[기타서류]
MOU 외국인: 본국에서의 농·어업 종사 이력
결혼이민자의 4촌 이내 친척(배우자 포함): 결혼이민자 신분증, (국내용) 혼인관계증명서, (국내용) 가족관계증명서(혼인귀화자 해당), 기본증명서(혼인귀화자 해당), 결혼이민자의 친척 관계도, 거주국(체류국)에서 발급한 가족관계증명서
유학생의 부모: 유학생 외국인등록증, 재학증명서, 출생증명서 또는 가족관계증명서 등
업무협약(MOU) 체결 결과서 등
국내 결혼이민자와의 가족(친척)관계가 입증되어야 하며 영어 이외 외국어 문서는 번역자 확인서 및 번역문 첨부(공증 불요)","농사일 도와줄 외국인은 어떤 자격으로 데려와요?
한국인이랑 결혼한 사람의 외국 친척도 농어업으로 들어올 수 있어요?
유학 중인 자녀가 부모님을 농장 일하러 부를 수 있나요?

농장 규모가 크면 외국인 몇 명까지 데려올 수 있어요?
어업 분야는 어떤 일에 외국인을 쓸 수 있어요?
영세한 농가는 인원 조정이 가능한가요?

계절근로 비자는 한 번에 얼마나 머물 수 있어요?
8개월 이상 일하는 것도 가능해요?

계절근로 비자는 어디로 신청해요?
신청부터 받기까지 얼마나 걸려요?
신청은 누가 해야 하는 거예요 농장주인가요 지자체인가요?

계절근로 비자 신청할 때 어떤 서류를 내야 해요?
한국인 배우자의 친척을 부를 때는 어떤 가족 서류가 필요해요?
외국어 서류는 공증을 받아야 하나요?",E-8 계절근로 (p. 265),계절근로 양해각서 체결 지자체 초청,"단기 자격, 변경 제한적",-,"계절근로, 농어업"
E-9,E-9,사증,사증발급인정서,"외국인근로자의 고용 등에 관한 법률에 의거, 사업주에게 외국인근로자 고용을 허가하고 외국인근로자에게는 해당 사업주 고용 조건으로 최장 4년 10개월간 취업을 허용하는 인력제도

일정 요건을 갖춘 성실외국인 근로자가 취업활동 기간 만료 후 출국 전 사용자가 재입국 후 고용허가 신청 시, 출국한 날로부터 1개월이 지나면 다시 취업할 수 있는 특례","상시근로자(고용보험 기준) 300인 미만 또는 자본금 80억원 이하 중소기업에 고용 허가
고용허가제 선정국가(17개국): 태국, 필리핀, 스리랑카, 베트남, 인도네시아, 몽골, 파키스탄, 우즈베키스탄, 캄보디아, 중국, 방글라데시, 네팔, 미얀마, 키르기스스탄, 동티모르, 라오스, 타지키스탄","외국인근로자의 고용 등에 관한 법률 규정에 의한 국내 취업요건을 갖춘 자 (다만, 일정 자격이나 경력 등이 필요한 전문직종 종사자는 제외)

제도 시행: 2004년 8월 이후 16개국과 MOU 체결 운영(현재 17개국 선정)

제조업(E-9-1): 상시근로자 300인 미만 또는 자본금 80억원 이하 제조업(중소기업확인서·뿌리기업확인서·중견기업확인서·U턴기업 선정확인서 제출 시 인정), 뿌리산업 포함
건설업(E-9-2): 모든 건설공사(발전소·제철소·석유화학 건설현장 중 건설면허가 산업환경 설비인 경우 적용 제외)
농축산업(E-9-3): 작물재배업, 축산업, 작물재배 및 축산관련 서비스업
어업(E-9-4): 연안어업·근해어업(20톤 미만 어선), 양식어업, 소금채취업
임업(E-9-9): 임업 종묘 생산업·육림업·벌목업·임업 관련 서비스업(산림사업시행업자·종묘생산업자 중 법인에 한함, 표준직업분류상 임업 단순 종사원 고용에 한함)
광업(E-9-10): 금속 광업, 비금속광물 광업(연간 생산량 15만톤 이상 채굴권·조광권 설정 업체에 한함, 광업 단순 종사원 고용에 한함)
서비스업(E-9-5): 건설폐기물 처리업, 냉장·냉동 창고업(내륙), 호텔·휴양콘도·호스텔업(서울·부산·강원·전북·경북·제주 한정, 건물 청소원·주방 보조원에 한함), 한식 음식점업(시범지역 한정), 재생용 재료수집 및 판매업, 서적·잡지 출판업, 음악 출판업, 폐기물 수집·운반·처리업, 음식료품 도매업, 택배업, 항공기하역업체, 식육 운반·택배서비스업체
한식 음식점업·호텔·숙박업·임업·광업은 2024년도 고용허가서 발급 시점 이후부터 사증발급인정서 발급 신청 가능

① 외국인근로자의 고용 등에 관한 법률 제18조의4 해당자
- 취업활동기간(5년 미만 또는 직권 연장 시 6년 미만) 중 사업장을 변경하지 않은 경우 또는 최초 근무 업종과 동일 업종 내에서 사업장 변경하여 4년 10개월 근속(사용자와 취업활동기간 종료일까지 근로계약 기간이 1년 이상)
- 휴업·폐업 등 외국인근로자 책임이 아닌 사유로 사업장을 변경한 경우로서 근로계약 1년 이상 또는 1년 미만이나 고용노동부(고용센터)가 재입국 특례 적용을 인정한 경우
② 재입국하여 근로 시작일부터 효력이 발생하는 1년 이상의 근로계약 체결
③ 사업장별 외국인 고용한도 등 고용허가서 발급요건 충족(내국인 구인노력은 요하지 않음)

허용 업종: 농축산업, 어업, 서비스업, 300인 미만 제조업(뿌리산업 포함)
허용 인원: 업종별·사업장별 고용허용 기준에 의하며 사업장별 총 고용허용인원 초과 불가

건설업 비숙련 외국인력(E-9) 업무수행 가능 직종 40종: 도장, 건축배관, 방수, 조적, 타일, 형틀목공, 강구조, 건축기계설비, 건축목공, 견출, 미장, 비계, 석공, 일반용접, 조경, 철거, 철근, 콘크리트, 토공, 특수용접, 도배, 수장, 지붕, 패널조립, 코킹, 창호, 유리, 보일러, 보온, 포장, 준설, 보링, 발파, 궤도, 벌목, 일반기계설비, 잠수, 제관, 덕트, 상하수도배관
각 직종 공통: 자재 취급 방법과 공구 사용처를 이해, 현장 공사 용어 및 안전수칙 등 해당 시공에 대한 기초적 지식을 습득한 자
공사 과정에서 작업반장이나 숙련공의 지시에 따라 자재운반, 간단한 조립·결속·정리·바탕작업 등 기능공의 보조적 작업 수행","접수: 비전문취업자 초청 사업장의 장이 사업장 주소지 관할 출입국·외국인청(사무소·출장소)장에게 직접 방문 또는 비자포털(www.visa.go.kr)에 접속하여 사증발급인정서 발급 신청
건설업의 경우 공사현장 소재지 관할 청·사무소·출장소에 접수
초청업무 대행을 위임한 경우 업무 대행기관 또는 그 지사 등에서 신청 가능
업종별 대행기관: 제조업 중소기업중앙회 / 건설업 대한건설협회 / 어업·냉장·냉동창고업 수협중앙회 / 농축산업 농협중앙회
출입국·외국인청장은 초청의 진정성, 초청자 및 피초청자의 자격 확인 등 심사를 위해 첨부서류의 일부를 가감할 수 있음

접수: 해당 외국인근로자의 출국사실 확인 후 접수·심사 가능, 대행기관에 의한 사증발급인정서 신청 가능
사증발급인정서 발급: 외국인등록증 반납 후 완전출국자임을 확인한 후 심사
사증 신청은 송출기관에 의한 단체 신청만 가능(개별 발급 불가), 외국인근로자는 귀국 후 송출기관 안내에 따라 건강검진 후 사증발급 신청, 지정된 날짜에 단체로 입국",,,1회 부여 체류기간 상한 3년 (총 4년 10개월 취업),,,"우대 내용 - 사업주: 내국인 구인노력 면제, 한 사업장에서 장기 근속하여 숙련도가 향상된 외국인근로자를 단기 출국시킨 후 재고용 가능
우대 내용 - 외국인근로자: 한국어능력시험 및 입국 전·후 취업교육 면제(입국연령 제한 없음), 다른 재입국 근로자(6개월 제한)와 달리 출국 1개월 경과 후 재입국하여 종전 사업장에서 근무",,,,"상시근로자 300인 미만 또는 자본금 80억원 이하 중소기업 사업주, 업종별 대행기관(중소기업중앙회·대한건설협회·수협중앙회·농협중앙회) 활용 가능",,"[공통서류]
- 사증발급인정신청서(별지 제21호 서식)
- 여권
- 표준규격사진 1매
- 사업자등록증 사본
- 고용허가서 및 표준근로계약서 사본
- 사업장실태조사서

[기타서류]
제조업: 추가서류 없음
건설업: 건설업등록증, 도급(하도급) 계약서, 건설현장에 대한 근무 중 외국인력 현황표(원도급업체 작성)
농축산업: 농업경영체등록(변경등록)확인서(국립농산물품질관리원장 발급, 유효기간 1년)
어업 - 연근해어업: 선박(어선)검사증서, 어업허가증(연안어업·근해어업·구획어업) 또는 어업면허증 및 관리선사용지정증(정치망어업)
어업 - 양식어업: 선박(어선)검사증서, 어업허가증 또는 어업면허증 또는 내수면어업신고필증
어업 - 천일염 생산 및 암염 채취업: 염제조업허가증사본 (염전임차인은 시장·군수 발급 염제조업 확인서와 임대차계약서, 임대인의 염제조허가증)
한식 음식점업: 사업자등록증 또는 영업신고증, 위탁계약서·가맹계약서(필요시 부가가치세 과세표준증명원)
호텔·숙박업: 관광사업 등록증(건축물일반청소업의 경우 호텔 등과 맺은 위탁계약서)
임업: 산림사업시행법인·국유림영림단·산림조합·원목생산업자·종묘생산법인별 사업자등록증 및 등록증 또는 위탁계약서
광업: 광업원부(광업등록사무소 발급) 및 광물생산보고서
범죄경력증명서: 국적국 권한 있는 기관이 발급, 자국 내 모든 범죄경력 포함(또는 거주지 관할 내무기관 증명서로 대체 가능, 중국은 호구지 관할), 사증발급 신청일로부터 3개월 이내 발급
건강상태 확인서: 사증신청인이 자필 기재한 양식으로 결핵·B형간염·매독 등 감염 여부 및 마약복용 경험·정신질환 치료경험 등 기재","비전문취업 비자는 어느 나라 사람이 받을 수 있어요?
이 비자로는 한국에서 얼마나 일할 수 있어요?
어떤 규모의 회사가 외국인을 고용할 수 있어요?

비전문취업 비자로 일할 수 있는 업종이 어떻게 돼요?
호텔에서 청소 일하는 것도 이 비자로 가능해요?
음식점에서 일하려면 어디 지역에서 가능해요?

회사가 외국인 직원을 부르려면 어떤 서류를 준비해야 해요?
범죄경력증명서는 언제 발급받은 게 인정돼요?
업종별로 추가로 내야 하는 서류가 있어요?

성실히 일했는데 출국 후에 다시 빨리 들어올 수 있어요?
재입국할 때도 한국어 시험을 다시 봐야 하나요?
예전 회사에 다시 취업할 수 있어요?

건설현장에서 외국인이 할 수 있는 일이 뭐예요?
용접이나 배관 일도 비전문취업으로 가능해요?
숙련공만 하는 일을 외국인이 직접 할 수 있어요?",E-9 비전문취업 / 고용허가제 (p. 270),고용허가제 EPS-TOPIK + 사업장 매칭,E-7-4 K-point E74 (4년+ 후),-,"비전문취업, 고용허가제, 단순노무"
E-10,E-10,사증,사증발급인정서,"내항선원(E-10-1), 어선원(E-10-2), 순항여객선원(E-10-3) 등 선원법 제2조제6호의 부원에 해당하는 자",외국인 선원,"내항선원(E-10-1): 해운법 제3조제1호·제2호 및 제23조제1호 사업체에서 6개월 이상 선원근로계약 체결, 어선 제외 총톤수 5톤 이상 내항상선 승선 부원
어선원(E-10-2): 수산업법상 정치망어업·근해어업·어획물운반업 사업체(20톤 이상 어선)에서 6개월 이상 선원근로계약 체결
순항여객선원(E-10-3): 국적 크루즈 사업자가 운영하는 총톤수 2천톤 이상 크루즈선 승선","면허증 또는 등록증상의 회사소재지 관할 출입국·외국인청에 사증발급인정서 신청
업종별 대행기관 신청 허용(내항상선·순항여객선: 한국해운조합, 어선: 수협중앙회)",,,3년,,,,,,,면허·등록업체 고용주,"지방해양수산청장 외국인선원고용추천서, 해양수산부 도입규모 결정","[공통서류]
- 사증발급인정신청서(별지 제21호 서식), 여권, 사업자 등록증, 표준규격사진 1매
- 표준근로계약서 사본
- 신원보증서
- 외국인선원고용신고수리서(지방해양항만청장 발급)

[필수서류]
내항선원(E-10-1) 추가서류:
- 내항여객운송사업면허증·내항화물운송사업등록증 사본(최초 신청 또는 등록사항 변경 시)
- 외국인선원고용추천서(지방해양수산청장 발급)
- 승선정원증서 또는 500톤 미만 선박검사증서
- 노사합의 선사별 T/O 운영승인서(해당 시)
어선원(E-10-2) 추가서류:
- 정치망어업면허증 및 관리선사용지정증·근해어업허가증 사본
- 선박검사증서
- 외국인선원고용추천서(지방해양수산청장 발급)
- 어획물운반업등록증(해당시)
순항여객선원(E-10-3) 추가서류:
- 외국인선원고용추천서
- 순항여객운송사업면허증 사본

[기타서류]
- 범죄경력증명서(국적국 기관 발급, 신청일로부터 3개월 이내, '12.8.1.부터)
- 건강상태 확인서(붙임 3 양식, 결핵·B형간염·매독 등 감염 여부, 마약·정신질환 기재)","한국 배에서 선원으로 일하려면 어떤 비자를 받아야 하나요?
크루즈선에서 일하려고 하는데 가능한가요?
어선에서 일하는 외국인 선원도 비자 받을 수 있나요?

선원 비자 받으려면 어떤 서류가 필요해요?
배 회사가 외국인 선원 데려오려면 어떻게 신청해요?
범죄경력증명서랑 건강확인서는 어떻게 준비하나요?",E-10 선원취업 (p. 282),선원 자격 + 해운회사 채용,E-7-4 (4년+ 후),-,"선원취업, 해운, 어선"
F-1,F-1,사증,사증발급,"친척방문, 가족동거, 피부양, 가사정리 등 유사 목적으로 체류하려는 자

외국국적동포 가족 방문동거(F-1) 자격 기본 대상",① 주한 외국공관원 가사보조인 ② A-1~A-3 자격자 동거인 ③ 미성년 외국인 유학생 부모(F-1-13) ④ SOFA 21세 이상 가족 ⑤ 부득이한 사유 장기체류자(재외동포 F-4 자격자의 부모 포함),"주한 외국공관원의 가사보조인
외교(A-1) 내지 협정(A-3) 자격자의 동거인으로서 그 세대에 속하지 아니한 자
고등학교 이하 교육기관에 입학 예정 또는 재학 중인 미성년 외국인 유학생과 동반 체류하려는 부모
SOFA해당자의 21세 이상 동반자녀 또는 기타 가족
그밖에 부득이한 사유로 직업활동 없이 장기 체류 필요성 인정자(체류자격 변경허가 대상)

재외동포(F-4) 자격을 취득한 자의 부모","기존에 영주(F-5-7) 신청자의 배우자와 미성년 자녀에게 부여하던 방문동거(F-1-72)는 폐지
영주(F-5-7) 신청자가 가족 동거를 희망하는 경우 영주 신청자가 재외동포(F-4) 자격 변경 후 가족에게 동반(F-3) 자격 부여",,,2년,,,,,,,재외동포(F-4) 자격 소지자,,,"한국에 있는 가족을 만나러 장기간 머물려면 어떤 비자를 받아요?
유학 중인 미성년 자녀를 돌보러 같이 가려면 어떤 비자를 받나요?
외교관 가정의 가사도우미는 어떻게 입국하나요?

재외동포 비자로 살고 있는데 부모님을 모실 수 있는 비자가 있나요?
동포 자녀의 부모는 어떤 자격을 받아요?
영주권 신청자가 가족과 같이 살려면 어떻게 해야 해요?",F-1 방문동거 (p. 282~284),국내 가족 초청 또는 친척 방문,"F-2 거주, F-6 결혼이민 (사실혼 등)",본인이 동반자격,"방문동거, 가족, 친척"
F-1 (F-1-13),F-1,사증,사증발급,"자비 부담 외국인유학생의 2촌 이내 친인척으로 동반 부모(F-1-13), 유학생 1명당 1명 허용",,"국내 체류 비용 부담능력(연간 생활비: 유학생 기준액의 2배)
21개 불법체류 다발국 국민은 재정능력 입증(연 소득 전년도 GNI 이상 또는 자산 중위 수준 이상)
최근 5년 이내 출입국관리법 위반 200만원 이상 벌금형·강제퇴거·출국명령 자는 발급 제한",,,"체류기간 1년 이내, 단수","체류기간 1년 이내, 단수",,,,,,유학생 1명당 동반부모 1명,자비 부담 외국인 유학생,,"[공통서류]
- 사증발급신청서(별지 제17호 서식), 여권, 표준규격사진 1매, 수수료
- 입학허가서 또는 재학증명서
- 가족관계 입증서류(원본·번역본, 호구부, 출생증명서 등)
- 국내 체류비용 부담능력 입증서류(3개월 이상 예치된 잔고증명서 등)

[기타서류]
- 재정능력 입증서류(21개 불법체류 다발국 국민에 한함): 원천징수영수증, 부동산소유증명, 예금잔고증명 등","아이가 한국 학교 다니는데 부모가 같이 살러 가려면 어떤 서류가 필요해요?
유학생 부모로 가는 비자에 잔고증명이 얼마나 필요한가요?
벌금이나 강제퇴거 기록이 있어도 부모 비자 받을 수 있나요?",F-1 방문동거 / 미성년 유학생 동반 부모(F-1-13) 등 (p. 8),국내 가족 초청 또는 친척 방문,"F-2 거주, F-6 결혼이민 (사실혼 등)",본인이 동반자격,"방문동거, 가족, 친척"
F-1 (F-1-D),F-1,사증,사증발급,해외 사업체 소유자 또는 해외 기업 소속 외국인으로 원격근무 가능한 자 및 그 가족,,"1년 이상 동일 업종 근무
만 18세 이상(동반가족 자녀는 예외)
한국은행 고시 전년도 1인당 GNI의 2배 이상 소득
보장액 1억원 이상의 개인 의료보험 가입",,,,,,,,,,,,,"[공통서류]
- 사증발급신청서(별지 제17호 서식), 여권, 표준규격사진 1매, 수수료
- 재직증명서(동일 업종 1년 이상 종사 입증)
- 급여명세서, 잔고증명 등 소득 증빙 서류
- 범죄경력증명서, 의료보험 가입 증명서

[기타서류]
- 가족관계 입증서류(가족 동반시)
- 기타 재외공관장이 필요하다고 인정하는 서류","원격근무 하면서 한국에서 장기간 지내려면 어떤 비자를 받나요?
디지털노마드 비자 받으려면 소득이 얼마나 되어야 해요?
가족도 같이 데려갈 수 있나요?",F-1 방문동거 / 디지털노마드(F-1-D) (p. 8),국내 가족 초청 또는 친척 방문,"F-2 거주, F-6 결혼이민 (사실혼 등)",본인이 동반자격,"방문동거, 가족, 친척"
F-2,F-2,사증,사증발급,영주자격 부여받기 위해 국내 장기체류하려는 자,"F-2 자격 해당자 (시행령 별표 1의2 제24호 가~파목, 사목 삭제)","국민의 미성년 외국인 자녀 또는 영주(F-5) 자격자의 배우자·미성년 자녀
국민과 혼인관계(사실혼 포함)에서 출생한 자로 법무부장관이 인정하는 자
난민의 인정을 받은 자
외국인투자가(미화 50만달러 이상 투자+D-8로 3년 이상 체류, 또는 외투기업 파견 임직원 3년 이상, 또는 30만달러 투자+국민 2명 이상 고용)
영주(F-5) 상실자 중 법무부장관이 인정한 자(강제퇴거자 제외)
A-1~A-3 이외 자격으로 7년 이상 계속 체류(E-1~E-5, E-7은 5년)
국가·지방공무원 임용자
점수제 우수인재(나이·학력·소득 기준 충족)
부동산 등 자산 투자자
대한민국에 특별 기여한 자
인구감소지역 활성화 대상자",,,,5년,,,,,,,,,,"영주권 받기 전에 한국에 오래 살 수 있는 비자는 뭐예요?
한국인이랑 결혼해서 낳은 아이는 어떤 비자를 받아요?
난민으로 인정받으면 어떤 자격이 주어지나요?",F-2 거주 (p. 297),점수제 80점·고소득·재외동포·난민 등 트랙별,F-5 영주,F-1 동반가족,"거주, 장기거주, 점수제"
F-2 (F-2-3),F-2,사증,사증발급,"영주(F-5) 자격 소지자의 배우자, 체류기간 1년 이하 단수사증",,,,,"체류기간 1년 이하, 단수","체류기간 1년 이하, 단수",,,,,,,국내 영주(F-5) 자격 소지자,,"[공통서류]
- 사증발급신청서(별지 제17호 서식), 여권, 표준규격사진 1매, 수수료
- 국내 배우자의 신원보증서
- 초청장(붙임1), 혼인배경 진술서(붙임2)
- 양국 간 혼인관계 입증서류(결혼증명서, 가족관계 기록에 관한 증명서 등)
- 재정(소득) 입증서류(소득금액증명원, 재직증명서, 계좌거래내역 등)
- 초청인의 신용정보조회서(전국은행연합회)
- 양국 발급 초청인·피초청인 쌍방의 범죄경력 증명서
- 초청인·피초청인 쌍방의 건강진단서

[기타서류]
- 과거 혼인기록이 있는 경우 혼인 해소 입증서류(이혼증 등)","영주권자랑 결혼했는데 한국에 같이 살러 가려면 어떤 서류 내요?
배우자 비자 받을 때 범죄경력증명서도 필요한가요?
초청장이랑 혼인배경 진술서는 어디서 받나요?",F-2 거주 / 영주자격자 배우자(F-2-3) (p. 298),점수제 80점·고소득·재외동포·난민 등 트랙별,F-5 영주,F-1 동반가족,"거주, 장기거주, 점수제"
F-2 (F-2-7),F-2,사증,사증발급인정서,점수제 우수인재(상장법인·유망산업분야 종사자) 및 그 배우자·미성년 자녀,,"상장법인 종사자: KOSPI/KOSDAQ 상장법인 종사자 또는 취업 확정자로 관리자·전문가 직종
유망산업분야 종사자: 산업통상자원부 고시 첨단기술·제품 분야(IT, 나노, 바이오 등) 종사자, 전년도 소득이 1인당 GNI 1.5배 이상
배우자·미성년 자녀: F-2-7 주체류자의 법률상 배우자 또는 친권·양육권 있는 미성년 자녀

평가항목 합산 80점 이상","사업장 또는 주소지 관할 출입국·외국인청 방문 신청 또는 비자포털 온라인 신청(F-2-7 또는 F-2-71, 단수, 90일)",,"단수, 90일",,,,,,80점 이상(평가항목별 합산),,상장법인 또는 유망산업분야 기업,,"[공통서류]
- 사증발급인정신청서(별지 제21호 서식), 여권, 외국인등록증(해당시), 표준규격사진 1매
- 결핵 진단서
- 고용계약서, 재직증명서, 사업자등록증, 법인등기부등본, 소득금액증명, 학위·졸업증명서 등
- 신청인이 해당하는 점수표
- 평가 항목별 점수 입증서류
- 체류지 입증서류

[기타서류]
- 배우자·미성년 자녀의 경우: 가족관계 소명 서류(법률상 가족관계 입증)
- 심사관 추가 요구 서류","상장기업에 취업했는데 점수제로 장기체류 비자 받을 수 있나요?
점수제 우수인재 비자는 몇 점부터 되나요?
우수인재 비자 받으면 배우자랑 자녀도 같이 데려갈 수 있나요?",F-2 거주 / 점수제 우수인재(F-2-7) (p. 298~299),D-7~E-7 또는 D-10 자격 + 점수제 80점 이상,F-5-1 영주,F-1-12 자녀,"점수제 거주, 우수인재"
F-3,F-3,사증,사증발급,"동반가족

D-1, D-2, D-4~E-7, F-2, F-4, H-2 자격자의 배우자·미성년 자녀, 체류기간 1년 이하 단수사증

외국국적동포 가족 동반(F-3) 자격 기본 대상

재외동포(F-4)·방문취업(H-2) 자격자 가족의 동반(F-3)·방문동거(F-1) 사증발급","동반가족(배우자 및 미성년 자녀)

재외동포·방문취업 동포의 배우자 및 미성년 자녀","문화예술(D-1)부터 특정활동(E-7)까지, 거주(F-2), 재외동포(F-4) 및 방문취업(H-2) 자격에 해당하는 사람의 배우자 및 미성년 자녀로서 배우자가 없는 사람(단, 기술연수(D-3)는 제외)

재외동포(F-4) 자격을 취득한 자의 배우자 및 미성년 자녀
방문취업(H-2) 자격을 취득한 자의 배우자 및 미성년 자녀",취재(D-5) 동반 입국자에 대한 F-3 사증발급은 국내 지사(국)가 개설되어 있어야 함,,"체류기간 1년 이하, 단수","출입국관리법 시행규칙 별표 1 체류자격별 체류기간 상한에 따름
체류기간 1년 이하, 단수",,,"결핵진단서 제출 의무(외국인 결핵환자 사증발급 및 체류관리 지침에 따름)

E-1·E-3·E-4·E-5·F-4·H-2 자격자는 생계유지능력·체류지 입증서류 제출 면제",,,,"원자격자(D~E 계열 등)

재외동포(F-4) 또는 방문취업(H-2) 자격 소지자",,"[공통서류]
- 사증발급신청서(별지 제17호 서식), 여권, 표준규격사진 1매, 수수료
- 가족관계입증서류(결혼·출생증명서 등, 본국 공적서류 원본 + 번역자 확인서)
- 협약국은 아포스티유, 미체약국은 영사확인 필요
- 신원보증서

[기타서류]
- 생계유지능력 입증서류: 초청자 재직증명서·납세사실증명서 등 (E-1·E-3·E-4·E-5·F-4·H-2 제출 면제)
- 체류지 등 주거지 입증서류 (E-1·E-3·E-4·E-5·F-4·H-2·E-7-T·E-7-S1·D-8 중 50만 불 이상 고액투자자 제출 면제)

[공통서류]
- 사증발급신청서, 여권, 표준규격사진 1매, 수수료
- 재외동포(F-4) 자격자의 국내거소신고증 또는 방문취업(H-2) 자격자의 외국인등록증 또는 사증발급사항 사본(여권 포함)
- 가족관계 입증서류","한국에 일하러 온 가족이 있는데 같이 살러 가려면 어떤 비자를 받아요?
배우자랑 자녀를 데리고 한국에 같이 갈 수 있나요?
기술연수로 한국에 있는 사람의 가족도 동반 비자 받을 수 있나요?

동반 비자 받으려면 어떤 서류를 준비해야 해요?
초청인 소득 증명서가 꼭 필요한가요?
어느 자격은 가족동반 서류가 면제되나요?

재외동포 비자로 한국에 있는데 가족도 같이 살러 갈 수 있나요?
방문취업 동포의 배우자와 자녀는 어떤 비자를 받아요?
동반 비자는 어떤 가족이 받을 수 있어요?

동포 가족 동반 비자 신청할 때 어떤 서류가 필요해요?
가족관계 입증은 어떻게 해요?
초청인의 거소신고증이나 등록증도 내야 하나요?",F-3 동반 (p. 299~302),"주체류자(E-1~E-7, D-7~D-9 등)의 배우자·미성년 자녀",주체류자 따라 변경,본인이 동반자격,"동반, 배우자, 자녀"
F-3,F-3,사증,전자사증,전문인력 동반자에 대한 전자사증 발급,,"교수(E-1), 연구(E-3), 기술지도(E-4), 전문직업(E-5) 및 GOLD CARD 발급 특정활동(E-7) 자격 외국인의 배우자 및 미성년 자녀로 배우자가 없는 사람
첨단분야 최우수인재(E-7-T)의 배우자 및 미성년 자녀",재외공관 방문 없이 온라인으로 동반(F-3) 자격 사증발급 심사 기준 및 절차에 따라 신청,,,,,,,,,,교수·연구원·전문인력·첨단분야 우수인재,GOLD CARD 고용추천서(E-7 대상자 한정),,"연구원으로 한국에 가는데 가족도 온라인으로 비자 받을 수 있나요?
전자사증으로 받는 동반 비자는 누가 신청할 수 있어요?
최우수인재 가족이면 비자가 더 빨리 나오나요?",F-3 동반 / 전자사증 (p. 302),"주체류자(E-1~E-7, D-7~D-9 등)의 배우자·미성년 자녀",주체류자 따라 변경,본인이 동반자격,"동반, 배우자, 자녀"
F-5,F-5,사증,사증발급,"체류자격 구분에 따른 활동 제한을 받지 않는 영주자격자

1) 고액투자외국인: 외국인투자촉진법상 미화 50만 불 이상 투자 + 국민 5인 이상 고용
2) 특정분야 능력소유자: 과학·경영·교육·문화예술·체육 분야 탁월 능력 보유자(법무부장관 승인 필요, 생계유지능력 면제)

외국국적동포에 대한 영주자격(F-5) 부여(국내 체류 및 취업활동 자유)

영주(F-5) 자격 상실 및 취소 사유",외국국적동포,"민법상 성년으로 D-7~E-7 또는 F-2 자격으로 5년 이상 체류한 자
국민·F-5 자격자의 배우자·미성년 자녀로 2년 이상 체류 또는 국내 출생자
외국인투자가로 미화 50만 달러 투자 + 국민 5명 이상 고용
F-4 자격으로 2년 이상 계속 체류
외국국적동포로 국적취득 요건 갖춘 사람
국외 박사학위 취득 후 국내기업 고용자 또는 국내 대학원 박사학위 취득자
국내 학사 이상 학위·기술자격증 + 3년 이상 체류 + 일정 임금 이상
과학·경영·교육·문화예술·체육 등 탁월한 능력 보유자
대한민국에 특별한 공로가 있는 자
60세 이상 일정 금액 이상 연금 수령자
H-2 자격으로 거주(F-2) 사목 요건 충족자
F-2 자목·차목·다목 일정 기간 충족자
D-8 다목으로 3년 이상 + 투자유치·국민 고용 요건 충족자
5년 이상 투자 상태 유지 고시 금액 이상 투자자
D-8 가목 R&D시설 필수전문인력으로 3년 이상 체류자

특정분야 능력소유자: 필수항목 1개 이상 + 합산 점수 충족
- 필수항목 30점+선택항목 50점 이상(국내 체류기간 무관)
- 필수항목 20~29점+합계 100점 이상(국내 체류기간 무관)
- 필수항목 10~19점+합계 100점 이상(외국인등록 후 1년 이상 국내 체류)

재외동포(F-4) 자격으로 2년 이상 체류 중이며 소득·재산 등 일정 요건 충족
방문취업(H-2) 자격 동포가 제조업·농축산업·어업 분야에서 장기 근속 및 일정 요건 충족

기본요건: 본인 또는 동반가족 생계유지 능력, 기본 소양, 품행 단정
생계유지 능력: 소득 주체(신청인·배우자·자녀·부모 중 생계 같이하는 사람, 사실혼 배우자·배우자 부모 제외), 소득 산정기간은 신청일 전년도 1년
신청자 본인 소득·자산이 기준액의 50% 이상(미성년 자녀 양육·미성년 자녀 본인은 제외)
인정 소득: 소득세법 제4조제1항 종합소득 중 소득세 납부한 소득(비과세소득은 증빙자료 검토, 근로소득공제로 소득세 미발생 소득도 인정)
자산은 소득으로 인정하지 않음(단, 자산 통해 소득세 납부 시 인정)",,,,체류기간 상한 없음,"영주증 유효기간 발급일로부터 10년, 만료 전 재발급 (도과 시 과태료)","법 제46조제1항 각 호 강제퇴거 대상자는 제외

상실사유: 재입국면제 기간(출국일로부터 2년 이내) 또는 재입국허가 기간까지 미입국 시 상실
취소사유(① 필수 취소, 그 외 가능):
① 거짓·부정한 방법으로 영주자격 취득
② 형법·폭력행위처벌법·성폭력특례법·아동청소년 성보호법·특가법·특경법·마약류관리법·보건범죄단속법 위반 2년 이상 징역·금고형 확정
③ 최근 5년 이내 법률 위반 징역·금고 합산 3년 이상
④ 강제퇴거 사유(내란·외환의 죄, 살인·강간·강도 5년 이상, 성폭력특례법·마약류관리법·특가법·국가보안법·폭력행위처벌법·보건범죄단속법 5년 이상, 출입국관리법 제12조의3 위반)
⑤ 국가안보·외교관계·국민경제 등 국익 반하는 행위","특정분야 능력소유자는 생계유지능력 요건 면제

부득이한 사유로 영주자격 상실된 사람은 영주자격으로의 체류자격변경 가능:
감염병·천재지변 불가항력 사유로 초과 입국
급작스런 질병·사고로 초과 입국
항공기·선박 결항·지연으로 10일 초과하지 않은 경우
그 밖의 부득이한 사유로 6개월 이내 입국한 경우",,"필수항목 총 245점(세계적 저명인사 50, 세계적 연구실적 30, 세계적 스포츠스타 30, 세계적 대학강의 30, 세계적 기업 근무 30, 대기업 근무 25, 지식재산권 25, 우수재능 25)
선택항목 총 205점(연간소득 30, 국내자산 30, 학력 20, 기본소양 15, 가점 110)

[표]
특정분야 능력소유자 점수제: 필수+선택 합산으로 영주자격 부여

국내 체류 무관: 필수 30+선택 50 또는 필수 20-29+합계 100
외국인등록 후 1년 이상: 필수 10-19+합계 100",,,"법무부장관 인정 필요

특정분야는 법무부장관 승인 필요

법무부장관 인정","[공통서류]
- 사증발급신청서(별지 제17호 서식), 여권, 표준규격사진 1매, 수수료
- 신원보증서

[필수서류]
고액투자외국인:
- 외국인투자기업 등록증명서 사본
- 사업자등록증 사본 및 법인 등기사항전부증명서
- 신청자 본인 소득금액 증명원
- 고용 내국인 5인 이상의 소득금액 증명원
- 정규직(전일제 상용고용) 입증서류(고용계약서, 정규직 고용확인서 등)
특정분야 능력소유자:
- 점수제 해당항목 입증서류","한국에서 영주권 받으려면 어떤 조건을 채워야 하나요?
오래 일했는데 영주자격을 신청할 수 있는 기간은 얼마예요?
투자로 영주권을 받으려면 얼마를 투자해야 하나요?

50만 달러 투자하고 직원 다섯 명 고용했는데 영주권 신청 가능한가요?
특정 분야에서 탁월한 능력으로 영주권 받으려면 점수가 얼마 필요해요?
영주권 신청할 때 소득증명원도 내야 하나요?

외국국적동포가 영주권 받으려면 어떤 조건을 채워야 해요?
재외동포 자격으로 몇 년 살면 영주권 신청할 수 있어요?
영주권 신청할 때 소득은 얼마나 있어야 해요?

영주권 가지고 있는데 어떤 경우에 잃을 수 있어요?
범죄로 벌받으면 영주권이 취소되나요?
오랫동안 해외에 있으면 영주권이 없어지나요?",F-5 영주 (p. 8),D-7~E-7 또는 F-2 5년+ 체류 + 소득·재산 요건,국적취득,"F-1, F-2-71 (점수제 자녀)","영주, 정착, 영주권"
F-6,F-6,사증,사증발급,"국민의 배우자, 자녀양육자, 혼인단절자",국민의 외국인 배우자 및 자녀양육자,"F-6-1(국민의 배우자): 한국에 혼인이 유효하게 성립되어 우리 국민과 결혼생활을 지속하기 위해 국내 체류하려는 외국인
F-6-2(자녀양육): 국민과 혼인관계(사실상의 혼인관계 포함)에서 출생한 미성년 자녀를 혼인관계 단절 후 국내에서 양육하거나 양육하려는 부 또는 모
F-6-3(혼인단절): 국민인 배우자와 혼인 상태로 국내 체류 중 배우자의 사망·실종 등 자신에게 책임 없는 사유로 정상적 혼인관계 유지 불가한 사람",,,,3년,,"혼인의사 없는 단순 동거, 중혼적 사실혼은 사실혼 관계로 인정 안 됨",,,,,한국인 배우자,법무부장관 인정 필요,,"한국 사람이랑 결혼했는데 어떤 비자를 받아요?
배우자가 돌아가셨는데 한국에서 계속 살 수 있나요?
한국인 자녀를 혼자 키우는 외국인은 어떤 자격으로 체류하나요?",F-6 결혼이민 (p. 299),한국인과 혼인성립,F-5 영주 (2년+ 후),"F-1-12 자녀, F-1-5 부모","결혼이민, 한국인 배우자, 가족결합"
F-6 (F-6-1),F-6,사증,사증발급,"국민의 배우자(F-6-1), 체류기간 90일 이하 단수사증(미국인은 복수사증), 입국 후 90일 이내 외국인등록 및 체류기간 연장",,"소득요건: 초청인 과거 1년간 연간소득(세전)이 가구원수별 기준 이상 (2026년 기준: 2인 25,195,752원 등, 가구원 추가 1인당 5,755,188원 증가)
의사소통 요건: 한국어 또는 외국인 배우자 언어 또는 제3언어 입증
주거요건: 자가/임대 등기부등본, 임대차계약서 (주민등록상 주소지와 일치)
국제결혼 안내프로그램 이수","입국 후 90일 이내 외국인등록 및 체류기간 연장 (체류기간 90일 초과 시)
재외공관장은 심사 정확성·효율성을 위해 추가서류 요구 가능
제출서류 유효기간은 작성일·발급일로부터 3개월 이내",,90일 이하 단수사증 (미국인은 복수사증),,,,"국제결혼 안내프로그램 면제: 외국인 배우자국 또는 제3국에서 6개월 이상 장기사증 체류 중 교제 입증자, 외국인 배우자가 91일 이상 합법 체류 중 교제 입증자, 임신·출산·인도적 고려자
소득요건 면제: 부부 사이 자녀가 있는 경우, 1년 이상 외국 동거로 국내 소득 없는 경우, 과거 F-6 자격으로 체류한 적 있는 경우
의사소통 요건 면제: 부부 사이 자녀가 있는 경우, 과거 F-6 자격으로 체류한 적 있는 경우",,,,한국인 배우자,,"[공통서류]
- 비자 신청서, 여권용 사진 1매, 신청인 여권 원본·사본 1부, 비자 신청 수수료
- 외국인 배우자 초청장(한국인 배우자 한글 작성)
- 신원보증서
- 외국인 배우자의 결혼배경진술서(영어 작성)
- 한국인 배우자: 여권 사본, 기본증명서(상세), 혼인관계증명서(상세), 가족관계증명서(상세), 주민등록등본 원본(발급일 3개월 이내)
- 한국인 배우자: 국제결혼 안내프로그램 이수증(면제 대상 제외), 건강진단서(면제 대상 제외)
- 외국인 배우자: 결혼증명서 원본(필요시), 범죄경력증명서 원본(발급일 3개월 이내), 건강진단서 원본, 해당 국가별 특별 적용 서류

[기타서류]
소득요건 입증: 소득금액증명 원본(공통 필수), 신용정보조회서, 근로/사업/기타소득별 추가 서류
의사소통 요건: 한국어 수료증·TOPIK 성적·교육기관 이수증·학위증 등
주거요건: 자가는 등기부등본, 임대는 등기부등본+임대차계약서
교제 입증: 교제 사진·SNS 대화 내역 등 (5쪽 이내), 결혼중개업체 등록증·보증보험증권·계약서(중개업체 통한 경우), 소개자 신분증(지인 소개)","한국인이랑 결혼했는데 결혼이민 비자 받을 때 어떤 서류가 필요해요?
초청인 소득이 얼마나 되어야 결혼비자 신청할 수 있어요?
한국어 시험 안 봤으면 결혼비자 못 받나요?",F-6 결혼이민 / 국민의 배우자(F-6-1) (p. 313),한국에서 혼인이 성립된 외국인 배우자,F-5-2 영주 (혼인 2년+ 후),F-1-12 자녀,"국민의 배우자, 결혼이민"
G-1,G-1,사증,사증발급,"외교(A-1)부터 결혼이민(F-6)까지, 관광취업(H-1) 또는 방문취업(H-2) 체류자격에 해당하지 않는 활동",다른 체류자격에 해당하지 않는 외국인,"A-1~F-6, H-1, H-2 체류자격에 해당하지 않는 사람으로서 법무부장관이 인정하는 사람",,,,1년,,,,,,,,법무부장관 인정 필요,,"어느 비자에도 해당하지 않는데 한국에 머무를 방법이 있나요?
기타 체류자격은 어떤 사람이 받나요?
법무부장관이 인정하면 얼마나 머무를 수 있어요?",G-1 기타 (p. 323),난민신청·인도적체류·산재 등 기타 사유,사유 해소 시 자격 정리,G-1 동반,"기타, 난민, 인도적체류"
C-3 (C-3-3) - 단기방문 의료관광,G-1,사증,사증발급,외국인 환자 유치기관 초청 없이 국내 의료기관에서 진료·요양 목적으로 입국하려는 외국인 환자 및 동반가족·간병인 (의료관광 C-3-3 단수사증),,,,,단수사증,,,,"국내 병원과 송출국가 간 환자송출계약 체결, 송출국가에서 진료비 등 지원 외국인환자에 대해 간병인 동반입국 허용",,,,(유치기관 초청 없는 경우),,"[공통서류]
- 사증발급신청서(별지 제17호 서식), 여권, 표준규격사진 1매, 수수료
- 국내외 의료기관·요양기관 발급 치료·요양 소명 자료(병원진단서, 의사소견서 등)
- 국내 의료·요양기관 치료·요양 예약 입증자료
- 치료비·체재비 등 부담능력 또는 재정능력 입증서류
- 가족관계 및 간병인 입증서류","한국 병원에서 치료받으려면 어떤 비자를 받아요?
의료관광 비자 신청할 때 가족이나 간병인도 같이 들어갈 수 있나요?
치료비 부담능력을 어떻게 입증해요?",G-1 기타 / 외국인 환자 의료관광(C-3-3) (p. 8),난민신청·인도적체류·산재 등 기타 사유,사유 해소 시 자격 정리,G-1 동반,"의료관광, 외국인환자, C-3-3"
G-1 (G-1-10),G-1,사증,사증발급인정서,외국인 환자 유치기관(의료법상 등록자)의 초청으로 국내 의료기관에서 진료·요양 목적 입국 외국인 환자 및 동반가족·간병인,,"초청자는 의료법상 외국인 환자 유치의료기관 또는 유치업자로 등록한 자
동반가족은 환자의 배우자 또는 직계가족 (환자송출협약 체결국은 4촌 이내 방계가족까지)
간병인은 환자송출협약 체결국가 환자 한정","온라인(대한민국 비자포털) 신청만 허용, 초청자 사업장 소재지 관할 출입국·외국인청 신청",,,,,,"유치기관이 피초청인 신원보증 시 치료·체류비용 조달능력 입증서류 제출 생략 가능(단, 최초 초청자 또는 불법체류자 다수 발생 유치기관은 제외)",,,,외국인 환자 유치의료기관 또는 유치업자,보건복지부장관 유치기관 등록 필요,"[공통서류]
- 사증발급인정신청서(별지 제21호 서식), 여권사본, 표준규격사진 1매
- 의료기관 발급 의료목적 입증서류
- 치료 및 체류 비용 조달 능력 입증서류
- 사업자등록증 사본 및 유치기관 등록증 사본(비자포털 유치기관 등록 시 생략)
- 동반가족·간병인 입증서류(본국 또는 국내 본국대사관 발행 가족관계 확인서류)","한국 병원에 정식 초청받아 치료받으려면 어떤 절차로 비자 받아요?
의료기관이 외국인 환자 초청하려면 어떤 등록을 해야 하나요?
환자 가족이나 간병인이 같이 한국에 갈 수 있나요?","G-1 기타 / 외국인환자(C-3-3, G-1-10) (p. 47)",난민신청·인도적체류·산재 등 기타 사유,사유 해소 시 자격 정리,G-1 동반,"기타, 난민, 인도적체류"
H-1,H-1,사증,사증발급,"관광취업(워킹홀리데이) 활동

협정체결국을 관할하는 재외공관에서 신청 (오스트리아 국민은 일본·중국·홍콩·타이베이 공관 신청 가능)",,"대한민국과 관광취업에 관한 협정이나 양해각서를 체결한 국가의 국민
관광을 주된 목적으로 하면서 관광경비 충당을 위해 단기간 취업활동을 하려는 자

협정국가 국민(난민·무국적자·영주권자는 제외)
뉴질랜드: 사증 신청 시 6개월 이상 거주
홍콩: 중화인민공화국 홍콩특별행정구 일반 거주자
대만: 호구등록되어 있을 것
미국: 고등교육 과정 재학 또는 최근 1년 이내 대학 졸업

유효한 협정국 여권 소지(잔여 유효기간 신청 당시 6개월 이상)
사증발급 신청 시 18세 이상 30세 이하 (대만·포르투갈·아일랜드·아르헨티나 34세까지, 영국·캐나다 35세까지, 미국 연령기준 미적용)
중대한 범죄경력 없을 것(벌금 300만원 이상 선고 시 발급 불허)
신체 건강(공중위생상 위해 우려 시 불허)
체류기간 중 보장액 4,000만원 이상 의료보험 가입
부양가족 동반 불가
관광취업프로그램 참여 경험 없을 것(쿼터 무제한 국가 등 일부 예외)
왕복항공권 + 3개월 체류 가능 경비(한화 300만원 이상)
관광이 주된 목적일 것(취업·학업 전념·취재·정치활동 등 사증발급 제한)",,상호주의에 따라 수수료 결정(일본·프랑스·칠레·홍콩·스페인은 면제),"홍콩 H-1(복수) 유효기간 3개월/체류 1년
일본 H-1(단수) 1년/1년
미국 H-1(복수) 1년 6개월/1년 6개월
캐나다·영국 H-1(복수) 2년/2년
그 외 국가 H-1(복수) 1년/1년",,협정상의 체류기간,"취업 제한 직종: E-6 유흥접객업소(접객원·무용수·가수 등), 의사·변호사·교수 등 전문직 E-1~E-7, 사행행위·풍속영업·개인과외교습 등 청소년 출입·고용 금지 업소
학업 제한: D-2 유학 정규 학업과정, 회화강사 활동 겸한 학업","1주당 최대 취업가능시간: 캐나다 40시간, 그 외 25시간
국가별 취업기간: 이스라엘 3개월, 호주·이탈리아·벨기에 6개월, 덴마크 9개월, 캐나다·그 외 H-1 체류기간
국가별 학업기간: 호주 4개월, 캐나다·아일랜드·덴마크·홍콩·오스트리아·이스라엘·벨기에·뉴질랜드 6개월, 그 외 H-1 체류기간",,,"호주·독일·스웨덴·덴마크·네덜란드·기타 일부 무제한
캐나다 12,000, 일본 10,000, 영국 5,000, 뉴질랜드 3,000, 미국·프랑스 2,000, 스페인 1,000, 홍콩 1,000, 아일랜드 800, 대만 800, 이탈리아 500, 체코 300, 오스트리아 300, 폴란드 200, 포르투갈 200, 벨기에 200, 네덜란드 200, 아르헨티나 200, 이스라엘 200, 헝가리 100, 칠레 100, 안도라 50

[표]
관광취업(H-1) 협정국별 사증·체류·쿼터 표",,,"[공통서류]
- 사증발급신청서, 사진, 여권, 왕복항공권 (왕복항공권 없는 경우 상당금액 예치서류)
- 예금잔고증명서 등 3개월 체류 가능 경비 입증서류
- 보험증서

[기타서류]
- 범죄경력증명서, 건강진단서 (상호주의에 따라 제출 여부 결정, 미국은 한-미 WEST 프로그램 양해각서에 따름)
- 재학증명서 또는 최종학력증명서 (상호주의에 따라)
- 관광취업 활동계획서 (대략적 가능, 인터뷰 등으로 확인 시 생략 가능)
- 기타 재외공관장이 필요하다고 인정하는 서류","워킹홀리데이로 한국에 가려면 어떤 비자를 받아야 해요?
관광하면서 잠깐 일하려면 어떤 비자가 맞나요?
관광취업 비자는 어떤 나라 국민이 받을 수 있어요?

워킹홀리데이는 나이 제한이 있나요?
워킹홀리데이로 한국에서 일할 수 있는 시간은 얼마나 돼요?
어떤 업종에서는 일할 수 없나요?

워킹홀리데이 비자 신청할 때 어떤 서류가 필요해요?
왕복항공권이 없으면 비자 신청을 못 하나요?
의료보험은 얼마짜리에 들어야 해요?",H-1 관광취업 (p. 330),관광취업 협정국 국민 (만 18~30세),"단기, 변경 제한적",-,"관광취업, 워킹홀리데이"
D-3,D-3,사증,사증발급인정서,"해외투자기업 기술연수생(D-3-11 해외직접투자, D-3-12 기술수출, D-3-13 플랜트수출) 사증발급인정서 발급",,"1. 해외 합작투자법인 또는 우리기업의 해외현지법인 생산직 직원(설립·가동 3개월 경과)
2. 미화 10만 불 이상 기술도입·기술제휴 또는 미화 50만 불 상당 플랜트 수입 외국기업 생산직 직원
핵심기능 인력은 정상 가동 전이라도 연수 허용(연수허용인원의 30% 한도)

18세 이상 40세 이하 신체 건강한 자
현지 법인 근무경력 3개월 이상 (핵심기능인력 제외)
과거 연수생 자격으로 체류한 경우 출국 후 1년 이상 경과
TOPIK 2급 이상 또는 세종학당 초급2 이상 수료(국내 학사학위 이상 취득자 또는 한국어교육 이행각서 제출 업체 연수생은 제외)

[표]
기술연수 체류자격 약호 분류표

D-3-1: 06.12.31.까지 D-3-1 자격 등록자
D-3-11: 해외직접투자
D-3-12: 기술투자
D-3-13: 플랜트수출",외국 직접투자 미화 10만 불 미만 업체의 최초 연수허가는 법무부장관 승인 필요,,,,,"금고 이상 형 선고자, 출국명령·강제퇴거 받고 출국한 자, 6개월 이상 불법체류 사실자, 불법취업 목적 입국 우려자, 출입국관리법 제11조제1항 해당자는 연수 제한",,,,"한 기술연수업체가 여러 해외기업에 투자한 경우에도 총 연수허용인원은 제4조 기준 초과 불가
핵심기능인력은 연수허용인원의 30% 한도","해외직접투자 산업체, 기술수출 산업체, 플랜트수출 산업체",법무부장관 승인(직접투자 10만 불 미만 업체 최초 연수),,"해외에 투자한 한국 회사 직원이 기술 배우러 한국 오려면 어떤 자격을 받아요?
기술연수 비자는 한국어 능력이 필요한가요?
어떤 나이대의 외국인이 기술연수생으로 올 수 있어요?",D-3 기술연수 / 해외투자기업 기술연수생 훈령 (p. 339),해외투자기업 산업연수 초청,자격변경 제한적,- (D-3은 동반 제외),"기술연수, 산업연수"
H-2,H-2,사증,사증발급,"동포 체류자격 통합으로 방문취업(H-2) 사증의 신규 발급 중단

방문취업(H-2) 자격으로 서비스업에 취업하려는 외국국적동포",,"[표]
H-2 방문취업 서비스업 허용 제외업종 목록(KSIC 대·중·소분류 기준)","26. 2. 12.부터 방문취업(H-2)과 재외동포(F-4)로 이원화된 동포 체류자격을 재외동포(F-4)로 통합
중국 및 CIS 지역 동포들에게도 재외동포(F-4) 사증 발급",,,,"외국인등록 시 최대 3년 (한국어능력 입증서류 제출 시), 미제출 시 1년","방문취업(H-2) 사증의 신규 발급 중단(2026.2.12.부터)
다른 체류자격에서 방문취업(H-2) 자격으로 자격변경 불가

다음 산업 분야에서의 활동을 제외
- E. 수도, 하수 및 폐기물 처리, 원료 재생업(36~39) 중 수도업(36), 환경 정화 및 복원업(39)
- G. 도매 및 소매업(45~47) 중 자동차 및 부품 판매업(45)
- H. 운수 및 창고업(49~52): 육상 운송 및 파이프라인 운송업(49), 수상 운송업(50), 항공 운송업(51), 창고 및 운송 관련 서비스업(52). 다만 육상 여객 운송업(492), 택배업(49401, 하역·적재 단순종사원으로 한정), 냉장 및 냉동창고업(52102, 내륙 한정), 물류 터미널 운영업(52913), 기타 항공 운송지원 서비스업(52939, 항공기하역업 한정), 항공 및 육상 화물 취급업(52941, 식육 운반·택배 한정)은 허용
- J. 정보통신업(58~63) 중 출판업(58, 단 581 허용), 우편 및 통신업(61), 컴퓨터 프로그래밍·시스템 통합 및 관리업(62), 정보서비스업(63)
- K. 금융 및 보험업(64~66) 전체
- L. 부동산업(68)
- M. 전문, 과학 및 기술 서비스업(70~73) 중 연구개발업(70), 전문 서비스업(71), 건축기술·엔지니어링 및 기타 과학기술서비스업(72)
- N. 사업시설 관리, 사업 지원 및 임대 서비스업(74~76) 중 사업시설 관리 및 조경 서비스업(74, 단 741, 7421 허용), 고용 알선 및 인력 공급업(751, 단 가사서비스 제공기관 취업은 허용)
- O. 공공 행정, 국방 및 사회보장 행정(84)
- P. 교육 서비스업(85)
- U. 국제 및 외국기관(99)","기존 방문취업(H-2) 사증을 받은 동포는 외국인 등록 시 체류기간 최대 3년 부여
일정 요건 충족 시 체류기간 연장 가능",,,,가능업종 고용주는 외국인근로자의 고용에 관한 법률 제12조에 따라 내국인 구인노력을 하고 특례고용가능확인을 받은 후 H-2 동포를 고용해야 함,,,"방문취업 비자는 지금도 새로 받을 수 있나요?
동포 체류자격이 통합되었다는데 무슨 뜻이에요?
예전에 방문취업 비자를 받았는데 계속 일할 수 있나요?

방문취업으로 들어왔는데 서비스업 어디서 일할 수 있어요?
동포 비자로 금융업이나 부동산업에 취업 가능한가요?
택배 일은 할 수 있어요?",H-2 방문취업 / 신규 발급 중단 (p. 376~378),재외동포 (방문취업 자격 부여),"E-7-4 (4년+), F-4 재외동포",-,"방문취업, 재외동포, 단순노무"
H-2,H-2,체류,체류기간 연장,기존 방문취업(H-2) 자격 소지자의 체류기간 연장 및 체류관리,,"고용부에서 '취업기간 만료자 취업활동 기간연장 확인서'를 받은 경우 입국일(또는 체류자격변경허가일)로부터 4년 10개월 내에서 허가
감염병 확산·천재지변 등 사유로 직권 연장 시 6년 이내 연장 가능

한국어능력 입증서류 제출 시 체류기간 3년, 미제출 시 1년
결핵 진단 시 외국인 결핵환자 사증발급 및 체류관리 지침에 따라 처리","입국일로부터 90일 이내 체류지 관할 출입국·외국인청에 외국인등록 신고
외국인등록 시 법무부 지정 병원 발급 건강진단서 제출",,,,입국일로부터 최대 4년 10개월(직권 연장 시 6년),"원칙적 기준: 초범은 범칙금 500만 원 이상, 재범은 최근 3년 이내 합산 700만 원 이상 시 체류 불허 후 출국 조치
최근 3년 이내 3회 이상 범칙금 처분 시 금액 무관 체류 불허 후 출국 조치
취업 목적 외 활동 시 범칙금 부과 가능
신고의무 위반 시 100만원 이하 과태료(출입국관리법 제100조제2항)",,,,,,,,"방문취업으로 한국에 있는데 얼마까지 더 머무를 수 있어요?
한국어 시험 점수가 있으면 체류기간이 더 길어지나요?
범칙금 받았는데 체류 연장 못 받을 수도 있나요?",H-2 방문취업 / 체류관리 (p. 382),재외동포 (방문취업 자격 부여),"E-7-4 (4년+), F-4 재외동포","F-3-20 동반(배우자, 미성년 자녀)","방문취업, 재외동포, 단순노무"
F-4,F-4,사증,사증발급,"외국국적동포에 대한 재외동포(F-4) 자격 부여

재외동포(F-4) 사증발급 및 체류자격 변경 공통 서류

재외동포(F-4) 사증 신청자 및 국내 F-4·F-5 자격 변경·외국인등록·거소신고 신청자의 해외 범죄경력증명서 제출

재외동포(F-4) 자격으로 국내 취업활동을 하려는 자",외국국적동포(중국·고려인 동포 포함),"출생에 의하여 대한민국 국적을 보유하였던 사람(대한민국 정부 수립 전 국외 이주 동포 포함)으로 외국국적 취득자
위에 해당하는 사람의 직계비속으로 외국국적 취득자
F-4-41: 출생에 의해 대한민국 국적을 보유했던 자로 외국국적 취득자
F-4-42: F-4-41의 직계비속으로 외국국적 취득자

[표]
재외동포(F-4) 사증발급 세부대상 및 추가서류 표(F-4-41, F-4-42)

F-4-41: 본인 국민이었던 사실 증명서류, 외국국적 취득원인·연월일 증명서류
F-4-42: 직계존속 국민이었던 증명서류, 본인·직계존속 외국국적 취득원인·연월일, 직계존비속 관계 증명서류(출생증명서 등)

재외동포(F-4) 취업활동 제한 직업 목록(단순노무 29종, 풍속·서비스 8종)","동포 체류자격(F-4) 통합에 따라 모든 국가에 동일한 기준 적용

국내 체류자격 변경: 대상별 제출서류가 국내에서 발급 가능하거나 출입국정보시스템 확인 가능 시 가능
CIS 지역 동포가 과거 동포 사증(C-3-8, H-2, F-4) 발급받은 적이 있는 경우 동포 입증자료 제출 시 국내 변경 가능
지역특화동포(F-4-R) 자격자가 일반 F-4(F-4-41, F-4-42)로 변경 희망 시 가능",,,,한국어능력 입증서류 제출기준 등에 따라 최대 3년까지,"18.5.1. 개정 재외동포법 시행으로 18.5.1. 이후 최초로 대한민국 국적을 이탈·상실한 남성은 병역이행 또는 면제처분 없으면 40세 되는 해 12월 31일까지 F-4 부여 제한
재외동포법 제5조 제2항 제1호·제2호 해당자
국내 특정강력범죄, 사회적 중대범죄(마약·보이스피싱·상습음주운전 3회 이상) 금고 이상 형 선고자
기타 범죄로 금고 이상 형 또는 집행유예 선고 후 5년 미경과자
국내법 벌금 총액 700만 원 이상이며 완납일로부터 3년 미경과자
출입국관리법 범칙금 총액 700만 원 이상이며 완납일로부터 3년 미경과자(봉사실적 100시간 이상 시 1년으로 감경)

가. 단순노무행위를 하는 경우
나. 선량한 풍속이나 그 밖의 사회질서에 반하는 행위를 하는 경우
- 사행행위 영업장소 등에 취업하는 행위(사행행위 등 규제 및 처벌 특례법 제2조제1항제1호 등)
- 식품위생법상 유흥주점 등에서 유흥종사자로 근무하는 행위
- 풍속영업의 규제에 관한 법률상 선량한 풍속에 반하는 영업장소 등에 취업하는 행위
다. 그 밖에 공공의 이익이나 국내 취업질서 등을 유지하기 위하여 그 취업을 제한할 필요가 있다고 인정되는 경우(피부관리사 내 발관리사, 목욕관리사, 혼례 종사원, 노래방 서비스원, 그 외 오락시설 서비스원, 골프장 캐디, 주류 서비스 종사원, 노점 및 이동 판매원 등)
단순노무 종사자 세부 직업 예: 이삿짐 운반원, 우편 집배원, 택배원, 늘찬배달원, 식음료 정기배달원, 신문 정기배달원, 음식점 배달원, 그 외 배달원, 건물 청소원, 운송장비 청소원, 시설장비 청소원, 쓰레기 수거원, 거리 및 공공장소 청소원, 재활용품 수거원, 그 외 청소 관련 종사원, 아파트 경비원, 그 외 건물관리원, 전단지 배포원 및 벽보원, 그 외 판매 관련 단순 종사원, 산불 감시원, 계기 검침원, 가스 점검원, 주차 관리원, 구두 미화원, 세탁원 및 다림질원, 검표원, 환경 감시원, 그 외 서비스 관련 단순 종사원","조기적응프로그램 이수 면제: 국내 초중고 재학·졸업자, 만 6세 이하·만 65세 이상, 장기체류 자격으로 국내 3년 이상 체류자, 이전 조기적응프로그램 이수자, 사회통합프로그램 1단계 이상 이수·이수자, 중증장애인
과거 범죄 경력이 없으면 조기적응프로그램 1회 한해 제출 유예 허용

면제 대상 (공통):
- 만 14세 미만인 사람
- 대한민국 출생 또는 만 14세 미만에 입국하여 만 14세 이후 해외에서 6개월 이상 연속 체류하지 않은 사람
- 사증 발급 시 해외 범죄경력증명서를 제출하고 사증 발급일로부터 3개월 이내 국내 체류자격변경 신청자
- 재외공관 사증발급 또는 국내 자격변경 시 범죄경력증명서를 제출한 사람 중 국외에서 6개월 이상 체류하지 않은 등록(거소)외국인",,,,,"법무부장관 인정

법무부고시 제2026-65호 (시행일 2026.2.12.). 재검토기한 2023.1.1. 기준 매 3년. 이전 고시(제2023-187호)는 폐지","[공통서류]
- 한국어능력 입증서류(별첨 2 제출기준)
- 해외 범죄경력증명서(별첨 1 제출기준)
- 외국국적동포임을 증명하는 서류(가족관계기록사항에 관한 증명서, 제적등본, 호구부, 거민증, 출생증명서 등)
- 재외동포 통합신청서(별지 제1호서식), 여권 및 사본, 표준규격사진 1매, 체류지 입증서류, 결핵진단서, 수수료
- 조기적응프로그램 이수증

[기타서류]
F-4-41(출생 본인 국적): 본인이 대한민국 국민이었던 사실 증명서류, 외국국적 취득원인·연월일 증명서류
F-4-42(직계비속): 직계존속 국민이었던 증명서류, 본인·직계존속 외국국적 취득원인·연월일, 직계존비속 관계 증명서류(출생증명서 등)

[필수서류]
- 국적국 범죄경력증명서
- 제3국 범죄경력증명서 (신청일 기준 최근 5년 이내 1년 이상 연속 거주한 경우 한함)","한국 동포인데 자유롭게 한국에서 살고 일하려면 어떤 자격을 받아요?
재외동포 자격은 부모님이 한국인이었던 경우도 받을 수 있나요?
재외동포 자격이 안 되는 경우는 어떤 때예요?

재외동포 비자 받으려면 어떤 서류를 준비해야 해요?
한국어 시험 안 봤어도 재외동포 자격 받을 수 있나요?
조기적응프로그램은 꼭 들어야 하나요?

재외동포 비자 신청할 때 범죄경력증명서는 어느 나라 거 내요?
14세 미만이면 범죄경력증명서 안 내도 되나요?
제3국에서 살았던 적이 있는데 그 나라 증명서도 필요해요?

동포 비자로 한국 와 있는데 어떤 일은 못 해요?
재외동포가 청소원이나 배달원으로 일할 수 있어요?
노래방이나 PC방에서 일해도 되나요?",F-4 재외동포 / 자격부여 제도 (p. 377),재외동포법상 동포 (한국계 외국인),F-5 영주 (2년+ 거소),"F-3-19 동반(배우자·미성년 자녀), F-1 방문동거(부모)","재외동포, 한국계, 동포"
F-4,F-4,체류,체류자격외 활동허가,재외동포(F-4) 자격으로 변경한 동포가 과거 방문취업(H-2) 자격으로 취업개시 신고를 한 사업장에서 계속 일하려는 경우,,방문취업(H-2)으로 체류하며 취업개시 신고 사실이 있는 동포,1회 부여기간은 재외동포(F-4) 자격 체류기간 범위 내에서 근로계약 기간에 따라 부여,,,,재외동포(F-4) 자격 체류기간 범위 내 근로계약 기간,"F-4 자격자 취업 제한: 단순노무행위, 사행행위 등 선량한 풍속·사회질서 반하는 행위, 공공이익·국내 취업질서 유지를 위해 제한 필요 인정 직종","상기 제한 외에는 취업활동 제한 없음
출입국관리정보시스템(ICRM)으로 확인되는 경우 일부 서류 제출 면제 가능",,,,,,"[공통서류]
- 재외동포 통합신청서(별지 제1호서식), 여권 및 사본, 거소신고증, 수수료
- 단순노무 업종 취업사실 입증 공적서류(건강보험 가입내역, 소득금액증명원 등)
- 근로계약서, 사업자등록증","재외동포 비자로 바꿨는데 예전 일하던 곳에서 계속 일할 수 있나요?
단순노무 업종에서 일하려면 어떤 허가가 필요해요?
재외동포는 어떤 일은 못 하나요?",F-4 재외동포 / 취업활동 및 자격외 활동허가 (p. 384~387),재외동포법상 동포 (한국계 외국인),F-5 영주 (2년+ 거소),F-1 동반,"재외동포, 한국계, 동포"
F-5 (F-5-14),F-5,체류,체류자격 변경,방문취업(H-2) 자격으로 제조업·농축산업·어업·간병인·가사보조인 취업활동 중인 외국국적동포,방문취업 동포로 제조업·농축산업·어업·간병·가사 종사자,"동일업체에서 근무처를 변경하지 않고 4년 이상 계속 근무(재외동포 F-4 자격 변경자 포함)
소속업체 임금체불·휴폐업 등 불가피 사유로 3개월 이내 동일 업종 근무처 변경은 계속 취업 인정
고용관계 지속 중 산재 등 업무상 부상·질병 휴업기간은 1년 범위 내 인정
4년 이상 근무 후 완전출국 1년 이내 H-2로 재입국하여 동일업체·업종에서 2년 이상 종사 시 4년 이상 계속 근무 인정

한국산업인력공단 등 실시 기술·기능 자격(별첨 18) 취득
또는 영주자격 신청 시 연간 소득이 한국은행 고시 전년도 1인당 GNI 70% 이상(본인 소득만 인정)",,,,,,,,,,,,,,"방문취업으로 4년 일했는데 영주권 신청 가능한가요?
영주권 받으려면 소득이 얼마나 되어야 해요?
같은 업종 안에서 회사를 옮겨도 4년 근무로 인정되나요?",F-5 영주 / 방문취업 동포 영주(F-5-14) (p. 394),D-7~E-7 또는 F-2 5년+ 체류 + 소득·재산 요건,국적취득,"F-1(부모), F-3(배우자·미성년 자녀)","영주, 정착, 영주권"
F-3,F-3,사증,체류관리(외국인등록/체류기간 연장/체류자격 변경),재외동포·방문취업 동포 가족 동반(F-3)·방문동거(F-1) 자격 체류관리 절차,,,"외국인등록: 90일 이상 체류 시 입국일부터 90일 이내 외국인 등록
체류기간 연장: 주 체류자격자의 체류기간 범위 내에서 연장
체류자격 변경: 재외동포(F-4)·방문취업(H-2) 자격자 가족(배우자, 미성년 자녀, 부모) 대상, 사증발급이 원칙이며 국내 자격변경은 제한적 허용",,,,주 체류자격자의 체류기간 범위 내,,,,,,,,"[공통서류]
- 여권, 통합신청서, 표준규격사진 1매, 가족관계입증서류, 수수료, 체류지 입증서류 등","동포 가족 비자로 한국 왔는데 외국인등록은 언제까지 해야 해요?
체류기간 연장 신청할 때 어떤 서류 내요?
동반 비자에서 다른 자격으로 바꿀 수 있나요?",F-3 동반 / 외국국적동포 가족 체류관리 (p. 398~399),"주체류자(E-1~E-7, D-7~D-9 등)의 배우자·미성년 자녀",주체류자 따라 변경,본인이 동반자격,"동반, 배우자, 자녀"
F-4 (F-4-R 지역특화형),F-4,사증,사증발급,인구감소지역 중 법무부장관이 정한 지역특화형 비자 사업 대상 시·군·구에 거소를 두거나 거소가 속한 광역시 또는 도 내에서 취업활동을 하려는 재외동포(F-4),,,,,,,,,"출입국관리법 시행령 제23조제3항제1호 관련, 지방자치분권 및 지역균형발전에 관한 특별법 제2조제12호에 따른 인구감소지역 중 지역특화형 비자 사업 대상 시·군·구에 거소를 두거나 그 거소가 속한 광역시·도 내에서 단순노무행위(제1호 가목) 또는 공공의 이익·취업질서 유지 관련 제한 직업(제1호 다목)의 취업활동을 하는 재외동포(F-4)는 취업활동의 제한을 받지 않음
다만 선량한 풍속·사회질서에 반하는 행위(제1호 나목)는 여전히 제한됨",,,,,,,"동포 비자로 인구감소지역에 살면 단순노무도 할 수 있어요?
지역특화형 비자 지역에서는 어떤 일이 허용되나요?
지방에서 살면 풍속업소에서도 일할 수 있어요?",F-4 재외동포 / 지역특화형 비자 예외 (p. 420),재외동포법상 동포 (한국계 외국인),F-5 영주 (2년+ 거소),F-1 동반,"재외동포, 한국계, 동포"
F-2 (최우수인재(Top-Tier)),F-2,사증,사증발급,"첨단분야(반도체, 바이오 등 산업, 벤처·창업, 연구 분야)에서 프로젝트 기획·연구·R&D 등을 주도하는 수석 엔지니어 또는 중견 연구자

관계부처가 최우수인재로 추천한 사람으로서 입국 이후 외국인등록을 마친 사람",소득·학력·경력·한국어 능력·부처 추천 요건을 모두 충족한 최우수인재,"소득: 연간소득이 전년도 1인당 국민 총소득(GNI)의 3배 이상
학력: 최근 5년 내 아래 세계 대학평가 중 하나 이상에서 100위 이내에 선정된 대학의 석사 이상 학위 취득
- QS World University Ranking
- QS World University Ranking by Subject: Engineering and Technology
- Times Higher Education World University Rankings
- Times Higher Education World University Rankings by subject engineering
- US News & World Report Global University Rankings
- US News & World Report Global University Rankings by subject engineering
경력: 기업 근무 또는 연구기관 근무 중 하나를 충족
- 기업 근무: 세계적 기업(최근 3년 이내 Forbes Global 2000 500위 이내, Fortune Global 500 500위 이내, Time 100 World Most Influential Companies 100위 이내)에서 3년 이상 근무 포함 총 8년 이상 근무경력
- 연구기관 근무: 세계적 연구기관(세계대학 순위 100위 이내 대학 연구소, 세계적 기업 부설 연구소, 정부 주도 연구소)에서 3년 이상 근무 포함 박사학위 취득 후 5년 이상 첨단분야 관련 연구경력
한국어 능력: 사회통합프로그램 1단계 이수 또는 한국어능력시험(TOPIK) 1급 이상 취득
부처 추천: 관계 중앙행정기관의 장이 검증하고 추천한 사람

[표]
사증발급 시 GNI 충족 요건은 고용계약서상의 지급 예정금액이며 KIIP 한국어 요건은 사회통합프로그램 단계별 평가를 적용","Top-Tier 자격 기준을 모두 충족한 경우: 최우수인재 거주(F-2) 자격 부여
학력·경력·한국어를 충족하였으나 소득 요건이 1인당 GNI 2배 이상인 경우: 관계부처 추천을 받아 최우수인재 특정활동(E-7) 자격 부여
학력 요건을 갖추었으나 취업 미확정 시: 최우수인재 구직(D-10) 자격 부여
F-2 자격으로 3년 경과, GNI 3배 이상 유지, KIIP 3단계 이수 등 요건 충족 시: 최우수인재 영주(F-5) 자격 부여

① 신청: 최우수인재가 전담기관(서울출입국·외국인청 우수인재·투자지원센터)에 신청
② 접수·발급의뢰: 전담기관 접수 및 발급 의뢰
③ 우대카드 발급: 발급기관에서 발급 후 전담기관 송부
④ 송부: 신청인에게 송부
최우수인재 본인에 한하여 출입국 우대카드 1매 발급",,,,,,,,,,국내 기업(첨단산업 경쟁력 강화 대상 기업),관계 중앙행정기관의 장 검증 및 추천 필수,,"첨단분야 우수 인재가 한국에서 받을 수 있는 비자는 뭐예요?
탑티어 비자는 연봉이 얼마나 돼야 받을 수 있어요?
세계 100위 대학 졸업해야만 신청할 수 있어요?

탑티어 비자로 들어오면 공항에서 빠르게 통과할 수 있어요?
출입국 우대카드는 누가 받을 수 있어요?
우대카드 유효기간은 얼마나 되나요?",첨단분야 해외 인재 탑티어(Top-Tier) 비자 / 자격 기준 (p. 119),점수제 80점·고소득·재외동포·난민 등 트랙별,F-5 영주,"F-3 (배우자·미성년 자녀, D-10·E-7 자격자) / F-2 (거주·영주 자격자 동반) / F-1 (부모 1인)","거주, 장기거주, 점수제"
F-2 (최우수인재(Top-Tier)),F-2,사증,전자사증,탑티어 비자 자격을 충족한 외국인 본인 또는 해당 인재를 고용하고자 하는 고용주,,,"① 신청: 외국인 본인 또는 고용주가 대리하여 비자포털에서 전자사증 신청(기업 회원가입)
② 접수·심사: 사증발급 심사기준에 따라 전담기관(서울출입국·외국인청 우수인재·투자지원센터)이 사증 심사. 비대면 방식이므로 탑티어 요건·관계부처 추천 여부·제출서류 확인 등을 심사
③ 사증발급: 심사결정 후 결과 통보
④ 입국: 전자사증발급확인서 소지하고 입국
해외 범죄경력 심사: 공적 확인(아포스티유 첨부 또는 대한민국 재외공관 영사확인)을 받은 자국정부 발급 범죄경력증명서(접수일 기준 6개월 이내 발급)",,,,,"자국 재외공관장이 발급한 범죄경력증명서는 원칙적으로 불허(단, 본국 정부의 확인을 거쳐 발급되었음이 명백하게 입증되는 경우 예외적 제출 허용)",,,,,고용주가 외국인을 대리하여 전자사증 신청 가능,전담기관 지정: 서울출입국·외국인청 우수인재·투자지원센터,,"탑티어 비자 전자비자로 어떻게 신청해요?
회사가 대신 신청해줄 수 있나요?
범죄경력증명서는 어디서 발급받아야 해요?",첨단분야 해외 인재 탑티어 / 전자사증 발급 (p. 437),점수제 80점·고소득·재외동포·난민 등 트랙별,F-5 영주,F-1 동반가족,"거주, 장기거주, 점수제"
D-10 (D-10-T),D-10,체류,체류기간 연장,D-10-T 자격으로 체류 중 기간을 연장하거나 연수를 개시·변경하려는 사람,,"연수 분야는 교수(E-1) ~ 전문인력(E-7-1) 직종(단, 고용추천서가 필요한 직종도 고용추천서 제출 면제)
연수기관은 반도체·디스플레이·바이오 등 첨단분야 기업
근무시간: 1일 8시간, 주당 40시간 이내",,,,,,,,,,,,,"[공통서류]
신청서, 표준규격 사진, 여권 사본, 체류지 입증서류, 수수료 등

[필수서류]
체류기간 연장 시:
- 공통서류
- 구직활동 계획서(지난 1년간의 구직활동 내역 및 향후 계획 포함)
연수 개시·연수기관 변동 신고 시(사유 발생일로부터 15일 이내 관할 출입국관서에 신고):
- 연수(인턴) 계약서
- 사업자 등록증
- 기타 연수 개시(변경) 신고 수리를 위해 필요하다고 인정되는 서류","탑티어 구직 비자 기간 연장할 때 어떤 서류 내요?
구직 비자로 연수받을 수 있는 분야가 정해져 있어요?
연수기관 바꾸면 신고해야 하나요?",최우수인재 구직(D-10-T) / 체류기간 연장 및 연수 신고 (p. 438),D-2 졸업 또는 점수제 60점 이상,"E-1~E-7 취업, F-2-7 점수제",F-3 동반,"구직, 졸업생, 취업준비"
E-7 (E-7-T),E-7,사증,사증발급,"국내 기업과 고용계약을 맺고, 연간 근로소득이 1인당 GNI 2배 이상인 자로서 소득요건을 제외하고 법무부장관이 정한 요건을 모두 갖춘 사람",,"부처 추천 필수
전자사증 신청 가능",,,,,,,,,,,국내 기업(첨단분야)과 고용계약 체결,관계 중앙행정기관 추천서 필수,"[공통서류]
신청서, 표준규격 사진, 여권 사본, 체류지 입증서류, 수수료 등

[필수서류]
- 공통서류
- 학위증 또는 졸업증명서
- 경력증명서
- 고용계약서
- 사업자등록증 및 법인등기부등본
- 해외 범죄경력증명서
- 한국어 능력 입증서류 또는 사회통합프로그램 이수 확약서
- 관계 중앙행정기관 추천서

[기타서류]
개별 심사 과정에서 심사의 정확성과 효율성을 위해 규정된 서류 이외에 추가서류 제출을 요구할 수 있음","탑티어 특정활동 비자 신청할 때 무슨 서류 내요?
연봉이 GNI 2배 정도면 신청할 수 있나요?
부처 추천서 어디서 받아요?",최우수인재 특정활동(E-7-T) (p. 438),학력·경력 요건 + 국내기업 채용,"E-7-4 숙련 (변경), F-2-7 점수제, F-5 영주",F-3 동반,"특정활동, 전문인력, 외국인 채용"
E-7 (E-7-T),E-7,체류,체류기간 연장,E-7-T 자격으로 체류 중 기간을 연장하거나 근무처를 변경·추가하려는 사람,,,,,,,,근무처가 변경된 경우 첨단분야 기업 해당 여부 등 개별 심사 과정에서의 정확성과 효율성을 위해 규정된 서류 이외에 추가서류 제출을 요구할 수 있음,,,,,,,"[공통서류]
신청서, 표준규격 사진, 여권 사본, 체류지 입증서류, 수수료 등

[필수서류]
체류기간 연장 시:
- 공통서류
- 재직증명서(이직한 경우 첨단 분야 해당 여부 확인)
- 사업자등록증 및 법인등기부등본
- 소득금액증명원
- 해외 범죄경력증명서(6개월 이상 출국 시)
- 사회통합프로그램 1단계 이수(사전평가 21점 이상) 또는 한국어능력시험(TOPIK) 1급 취득
근무처 변경 및 추가 신고 시(사유 발생일로부터 15일 이내 관할 출입국관서에 신고):
- 고용계약서
- 사업자 등록증
- 이적 동의서","탑티어 특정활동 비자 기간 연장할 때 무슨 서류 필요해요?
이직했는데 근무처 변경 신고 어떻게 해요?
한국어 시험은 어느 정도 등급이 필요해요?",최우수인재 특정활동(E-7-T) / 체류기간 연장 및 근무처 변경·추가 (p. 438~439),학력·경력 요건 + 국내기업 채용,"E-7-4 숙련 (변경), F-2-7 점수제, F-5 영주",F-3 동반,"특정활동, 전문인력, 외국인 채용"
F-2 (F-2-T),F-2,사증,사증발급,"국내기업과 고용계약을 맺고, 연간 근로소득이 1인당 GNI 3배 이상인 자로서 법무부장관이 정한 요건을 모두 갖춘 사람(부처 추천 필수)",,"전자사증 신청 가능(자격변경 시 관할 출입국관서에 신청)
소득 요건이 1인당 GNI 4배 이상인 사람은 학력 또는 경력을 완화하여 적용 가능",,,,,,,"최우수인재 거주(F-2) 자격변경 특례: 주재(D-7) ~ 특정활동(E-7) 또는 거주(F-2) 자격으로 1년 이상 첨단분야에 취업한 사람 중 소득요건을 제외한 최우수인재 자격 기준을 모두 충족한 사람으로서, 1인당 GNI 2배 이상 소득을 유지하고, 관계 중앙행정기관의 추천을 받은 자(고용계약서에 명시된 근무 개시일자 기준 산정)",,,,,관계 중앙행정기관 추천서 필수,"[공통서류]
신청서, 표준규격 사진, 여권 사본, 체류지 입증서류, 수수료 등

[필수서류]
- 공통서류
- 학위증 또는 졸업증명서
- 경력증명서
- 고용계약서
- 사업자등록증 및 법인등기부등본
- 해외 범죄경력증명서
- 한국어 능력 입증서류 또는 사회통합프로그램 이수 확약서
- 관계 중앙행정기관 추천서

[기타서류]
개별 심사 과정에서 심사의 정확성과 효율성을 위해 규정된 서류 이외에 추가서류 제출을 요구할 수 있음","탑티어 거주 비자는 어떤 서류 내요?
연봉 GNI 3배 이상이면 거주 비자 받을 수 있어요?
이미 한국에서 일하고 있는데 거주 비자로 바꿀 수 있어요?",최우수인재 거주(F-2-T) (p. 439~440),GNI 3배+ 고소득 또는 첨단산업 인재,F-5-T 영주,F-2 거주(동반가족) — F-2 자격자 동반가족은 F-2 부여 원칙,"탑티어, Top-Tier, 고소득"
F-5 (F-5-T),F-5,사증,체류자격 변경,"최우수인재 거주(F-2) 자격으로 3년 이상 체류하며 연간 근로소득 1인당 GNI 3배 이상 및 사회통합프로그램 3단계 이상 이수한 자로, 법무부장관이 정한 요건을 모두 갖춘 사람",,관할 출입국관서에 신청,,,,,,,,,,,,,"[공통서류]
신청서, 표준규격 사진, 여권 사본, 체류지 입증서류, 수수료 등

[필수서류]
- 공통서류
- 고용계약서, 재직증명서, 소득금액증명원
- 납부내역증명, 납세증명서, 지방세 납세증명서(세금체납여부확인)
- 사업자등록증 및 법인등기부등본
- 한국어 능력 입증서류(사회통합프로그램 3단계 이상 또는 한국어능력시험 TOPIK 3단계 이상)

[기타서류]
개별 심사 과정에서 심사의 정확성과 효율성을 위해 규정된 서류 이외에 추가서류 제출을 요구할 수 있음","탑티어 거주 비자로 3년 살면 영주권 받을 수 있어요?
영주권 받으려면 한국어 등급 어느 정도 필요해요?
소득 조건은 얼마나 유지해야 하나요?",최우수인재 영주(F-5-T) (p. 440~441),D-7~E-7 또는 F-2 5년+ 체류 + 소득·재산 요건,국적취득,"F-5 영주 (배우자·미성년 자녀, 체류 2년 미만 시 F-2) / F-1 (부모)","영주, 정착, 영주권"
F-2 (최우수인재 동반가족),F-2,사증,사증발급,"탑티어(Top-Tier) 비자 자격자의 배우자 및 미성년 자녀, 부모(장인·장모 포함), 가사보조인(1인)","배우자 및 미성년 자녀, 부모(우수인재 기준 부모 포함 장인·장모도 포함), 가사보조인(1인 허용)","체류자격은 주 자격자에 따라 다름:
- 구직(D-10)·특정활동(E-7) 자격자의 동반가족은 동반(F-3) 부여
- 거주(F-2) 및 영주(F-5) 자격자의 동반가족은 각각 거주(F-2), 영주(F-5) 부여 원칙
- 영주(F-5) 자격자의 동반가족은 체류기간이 2년 미만일 경우 거주(F-2) 자격 부여 대상",,,,,,최우수인재 구직(D-10) 자격자는 부모·가사보조인 초청 불가,,,,,주 자격자(탑티어 비자 보유자),,"[공통서류]
신청서, 표준규격 사진, 여권 사본, 체류지 입증서류, 수수료 등

[필수서류]
동반가족(배우자·미성년 자녀):
- 공통서류
- 주 자격자의 여권 사본 또는 외국인등록증
- 본국 정부 발급 가족관계 입증서류(결혼증명서, 출생증명서 등)
- 해외 범죄경력증명서(배우자의 경우)
부모:
- 공통서류
- 주 자격자의 여권 사본 또는 외국인등록증
- 본국 정부 발급 가족관계 입증서류
- 주 자격자 소득요건 입증서류(고용계약서 또는 소득금액증명원)
가사보조인:
- 공통서류
- 주 자격자의 여권 사본 또는 외국인등록증
- 가사보조인 고용계약서(해외에서 1년 이상 고용사실을 입증)
- 주 자격자 소득요건 입증서류","탑티어 비자로 한국에 가족 데려올 수 있어요?
부모님도 초청할 수 있나요?
가사도우미는 어떻게 데려와요?",최우수인재 동반가족 (p. 441~442),점수제 80점·고소득·재외동포·난민 등 트랙별,F-5 영주,본인이 동반가족(F-3/F-2/F-5/F-1),"거주, 장기거주, 점수제"
F-2 (F-2-7S),F-2,체류,체류자격 변경,국가 재정으로 양성한 해외 과학기술분야 우수인재 유치와 유출방지를 위한 K-STAR(Korea-Science & Technology Advanced Human-Resources) 비자트랙 참여대학의 석·박사 취득자 등(사증발급 신청 대상 아님),,"법무부장관 선정 K-STAR 비자트랙 참여대학(KAIST, DGIST, UNIST, GIST, UST 등 32개교)의 석·박사 학위 취득(예정)인 자로서 다음 요건 중 어느 하나에 해당:
- 선정대학의 석사 학위 취득 예정자 또는 취득 후 1년 이내인 자
- 선정대학의 박사 학위과정 재학생·수료생 또는 박사학위 취득 후 1년 이내인 자(석·박사 통합과정생은 박사과정 재학 중인 경우 인정)
- 선정대학에서 박사학위 취득 후 선정대학의 '박사후연구원(Postdoc)' 자격으로 과학기술분야 연구에 참여 중인 자

품행단정: 신청일로부터 5년 이내 금고 이상의 형(집행유예 포함)을 선고받은 사실 없음, 3년 이내 출입국관리법 3회 이상 위반(통고처분 합계 500만 원 이상) 또는 300만 원 이상 벌금형 없음, 허위서류 제출 없음, 입국금지 사유 없음, 특정강력범죄 등 외국에서의 형 선고 없음 등
취업활동: 신청일 이전 3년 이내 취업 제한 분야 취업 사실 없을 것, 신청일 이전 6개월 이내 국내 노동시장·사회경제 질서에 부정적 영향을 미칠 수 있는 직종에 취업한 사실 없을 것
공중보건: 결핵 등 전염병 없을 것",,,,,1회 3년 이내 부여(최장 5년 이내),,,,,대학별 인원 쿼터: 별도 제한 없음,K-STAR 비자트랙 참여대학(법무부장관 선정 32개교),대학 총장 추천서 필수,"[공통서류]
신청서, 여권, 외국인등록증, 사진, 수수료, 체류지 입증서류, 해외범죄경력증명서(연장은 6개월 이상 해외 체류 시에만 제출), 결핵 진단서(해당자), 대학 총장 추천서(발급일로부터 1년간 유효. 고려대 세종·연세대 미래·한양대 ERICA 캠퍼스는 부총장 명의의 추천서 가능)

[필수서류]
- 공통서류
- 석·박사 학위 취득(예정)인 자: 학위취득(예정)증명서 또는 졸업(예정)증명서
- 석·박사 통합과정: 석사과정 수료를 확인할 수 있는 서류, 박사과정에 해당하는 통합과정 재학증명서
- 박사과정 수료생: 박사과정 수료증명서(학위취득증명서 제출 생략)
- 박사후연구원: 박사과정 학위취득증명서 또는 졸업증명서, 지정대학의 공식 자격으로 박사후연구원으로서 연구에 참여 중임을 입증할 수 있는 서류","과학기술 분야 석박사 졸업했는데 한국에서 어떤 거주 비자 받을 수 있어요?
K-STAR 비자는 어느 대학을 졸업해야 받을 수 있어요?
박사후연구원도 신청할 수 있나요?",K-STAR 비자트랙 / K-STAR 거주(F-2-7S) (p. 443~446),점수제 80점·고소득·재외동포·난민 등 트랙별,F-5 영주,F-2-71 동반가족(배우자·미성년 자녀),"거주, 장기거주, 점수제"
F-5 (F-5-S1),F-5,사증,체류자격 변경,"법무부장관 선정 대학의 과학기술분야 석·박사 학위 소지자로서 K-STAR 거주(F-2-7S) 또는 점수제 우수인재 거주(F-2-7) 자격으로 3년 이상 국내에서 계속 체류하며 점수제 요건(90/200점 이상)을 충족하는 사람

K-STAR 영주(F-5-S1)로 자격변경을 신청하는 사람",,"품행단정: 다음에 해당하는 경우 원칙적으로 영주자격으로 자격변경 불가
- 대한민국 법률 위반으로 금고 이상 실형 선고 후 형 종료·면제일부터 5년 미경과
- 금고 이상 형의 집행유예 선고 후 판결 확정일부터 5년 미경과
- 벌금형 납부일부터 3년 미경과
- 출입국관리법 제7조제1항·제4항, 제12조제1항·제2항 위반일부터 5년 미경과
- 최근 5년간 출입국관리법 3회 이상 위반(과태료 처분 제외)
- 강제퇴거명령 출국일부터 7년 또는 출국명령 출국일부터 5년 미경과
- 최근 3년간 출입국관리법 위반 500만 원 이상 범칙금 또는 합산 700만 원 이상
- 벌금·추징금 등 미납(노역장 유치, 압류, 징수 등으로 납부의무 벗어난 후 3년 경과자 제외)
- 외국에서 특정강력범죄, 협박, 공갈, 사기, 보이스피싱, 마약 범죄로 형 선고 또는 그 외 범죄로 금고 이상 형 선고
생계유지능력 및 기본소양: K-STAR 영주 점수제 항목의 '한국어능력' 및 '연간 소득' 항목 심사로 대체
준법시민교육: 영주(F-5) 자격 취득 예정자 중 국내법 위반 사실이 확인된 자(품행단정 결격사유자 제외)",,,,,,,,,"총 200점 만점(기본 150점 + 가점 50점), 90점 이상 시 영주자격 취득
기본항목(150점):
- 학력: 30점 (석사 20점, 박사 30점)
- 연구경력: 60점 (4년 이상~5년 60점, 3년~4년 50점, 2년~3년 40점, 1년~2년 30점. 박사후연구원 등 계약직 1년 이상 인정)
- 연구실적: 60점 (SCI급/KCI급 논문 차등 부여, 국내·외 특허 등록 단독·공동·발명자 구분 건당 점수. 신청일로부터 5년 이내 합산 최대 60점)
가점항목(50점):
- 한국어능력: 10점 (사회통합프로그램 5단계 및 TOPIK 5급 최대 10점, 1단계 1점부터)
- 연간소득: 10점 (5천만 원 이상 10점, 4천만 원 9점, 3천만 원 8점, 2천5백만 원 7점, 2천만 원 6점, 최저임금 이상 5점)
- 지방거주(비수도권): 10점 (3년 이상 5점, 2년 이상 3점, 1년 이상 1점. 인구감소지역은 5점 가산)
- 봉사: 10점 (3년 내 매년 50시간 이상 실적, 150시간 이상 10점, 100시간 이상 7점, 50시간 이상 5점)
- 추천: 10점 (중앙행정기관의 장 추천 10점, 4년제 총장 등 7점, 상장기업의 장 5점)
감점항목(최대 10점):
- 출입국관리법 위반 통고처분 300만 원 이상 -10점, 100만~300만 미만 -7점, 50만~100만 미만 -5점
- 형사처벌 전력 벌금형 200만 원 이상 -10점, 200만 미만 -5점(신청일로부터 3년 기준)
- 3년 이내 300만 원 이상 벌금형은 결격사유

[표]
K-STAR 영주(F-5-S1) 점수제 평가 항목별 배점표(기본 150점, 가점 50점, 감점 최대 10점)",,,,"[필수서류]
기본서류: 신청서, 여권, 외국인등록증, 수수료(수입인지), 체류지 입증서류, 해외범죄경력증명서, 신원보증서
추가서류:
- 신청인이 해당하는 점수를 기재한 점수표
- 신청인이 기재한 평가 항목별 점수를 입증하는 서류","K-STAR 영주는 몇 점 이상 받아야 받을 수 있어요?
지방에 살면 점수 더 받을 수 있나요?
한국어 시험 어떤 등급이 영주권 점수에 인정돼요?

K-STAR 영주 신청할 때 어떤 결격사유가 있어요?
벌금형 받은 적 있으면 영주권 못 받아요?
영주권 신청할 때 생계유지능력은 어떻게 증명해요?",K-STAR 영주(F-5-S1) / 점수제 (p. 446~449),D-7~E-7 또는 F-2 5년+ 체류 + 소득·재산 요건,국적취득,F-5-S2 동반가족(배우자·미성년 자녀),"영주, 정착, 영주권"
F-2 (F-2-71),F-2,사증,체류자격 변경,K-STAR 거주(F-2-7S) 자격을 받은 사람의 진정한 혼인관계를 유지하고 있는 법률상 배우자 또는 주체류자가 친권·양육권을 가지고 있는 미성년자녀,"배우자 및 미성년자녀
K-STAR 거주(F-2-7S)의 동반가족 → F-2-71
K-STAR 영주(F-5-S1)의 동반가족 → F-5-S2","K-STAR 거주 자격 요건과 동일하게 적용
주체류자의 K-STAR 거주 체류자격 신청 시 동반 신청 가능
주체류자의 배우자가 단기사증을 소지하거나 합법적 체류자격을 소지한 경우 혼인관계 등 확인 후 F-2-71로 체류자격 변경 허가","사증신청: 거주지 관할 재외공관에서 소득요건 심사 없이 F-2-71(단수, 90일) 발급
사증발급인정서: 주체류자의 체류지 관할 출입국·외국인청에 방문 신청 또는 대한민국비자포털(www.visa.go.kr) 온라인 신청. 소득요건 심사 없이 F-2-71(단수, 90일) 발급
체류자격 부여: 국내에서 출생한 K-STAR 거주(F-2-7S)의 미성년자녀에게 주체류자의 체류기간과 동일하게 F-2-71 부여
체류기간연장: 배우자 및 미성년자녀는 주체류자의 체류기간과 동일하게 F-2-71 자격 유지. 주체류자가 자격요건을 모두 갖추고 생계를 같이하는 경우 미성년자녀가 성인이 되더라도 만 25세 미만까지 체류기간 연장 허가",,,,주체류자의 체류만료일까지 기간 부여,"주체류자가 허가 대상일지라도 배우자 및 미성년자녀가 범죄요건 등 결격사유에 해당하는 경우 불허
취업제한 분야 또는 국내 노동시장·사회경제질서에 부정적 영향을 미칠 수 있는 직종에 취업한 경우 체류기간연장 제한 또는 체류허가 취소 가능",,,,,,,"[필수서류]
- 신청서, 여권, 외국인등록증, 사진, 수수료, 체류지 입증서류
- 가족관계 입증서류
- 결핵검진확인서(해당자에 한함)
- 해외범죄경력증명서(해당자에 한함)","K-STAR 거주 비자 받으면 가족도 같이 데려올 수 있어요?
동반가족 비자는 소득 심사하나요?
아이가 성인이 돼도 같이 살 수 있어요?",K-STAR 거주의 동반가족(F-2-71) (p. 451~453),F-2-7 또는 F-2-7S 자격자의 미성년 자녀,성년 시 점수제 또는 영주 변경,본인이 동반자격,"점수제 자녀, 동반자녀"
F-2 (준법시민교육),F-2,사증,공통사항,"2022년 7월부터 거주(F-2)자격 취득 및 연장 예정자, 영주(F-5)자격 취득 예정자 중 국내법 위반 사실이 확인된 자","거주(F-2) 자격변경 및 연장 허가 예정자 중 국내법 위반 사실이 확인된 자
- 자격변경 신청 시: 신청일로부터 10년 이내 위반
- 체류기간 연장 시: 신청일로부터 5년 이내 위반
영주(F-5) 자격변경 허가 예정자 중 신청일로부터 최근 10년 이내 국내법 위반 사실이 확인된 자
사건종결일(불기소처분일, 벌금 등 납부일)부터 위반기간 계산","교육이수 여부 확인:
- 이민통합지원센터 업무담당자가 교육이수자에 대한 이수확인서 발급, ICRM 참고사항에 '준법시민교육 교육이수 완료' 기재
- 체류담당자는 반드시 '교육이수 완료' 확인 후 자격변경 및 연장 허가
지침 시행 후 준법시민교육 대상자가 최초 연장 신청한 경우 다음 연장 시까지 준법시민교육을 이수하도록 안내, 그 이후(2회부터) 법 위반사항 적발 시 준법시민교육 이수해야 연장 가능",교육신청: 사회통합정보망(www.socinet.go.kr)에서 온라인 신청,,,,,,"교육 제외 대상(교육참여 불요):
1) 과거 '준법시민교육'을 이수한 자로서 추가 법위반 사실이 없는 자
2) 법 위반 횟수가 1회 이하이며 불기소처분 또는 100만 원 이하의 벌금·범칙금·과태료를 부과받은 자(처분·부과 면제 포함)
사건종결일부터 위반기간 계산하여 10년 경과(자격변경 신청자) 및 5년 경과(체류기간 연장 신청자) 시 제외",,,,,,,"거주 비자 연장하려는데 준법시민교육 받아야 하나요?
벌금 낸 적 있으면 영주권 신청할 때 교육 들어야 해요?
준법시민교육은 어디서 신청해요?",준법시민교육 (거주(F-2) 자격변경 및 연장 / 영주(F-5) 자격변경) (p. 458),점수제 80점·고소득·재외동포·난민 등 트랙별,F-5 영주,n/a 또는 공란,"거주, 장기거주, 점수제"
F-2 (해외범죄경력증명서),F-2,사증,공통사항,"거주(F-2), 영주(F-5) 등 사증발급, 자격변경, 체류기간 연장 시 해외범죄경력증명서 제출이 필요한 외국인",최근 5년 이내 6개월 이상 해외 체류 사실이 있는 경우 해당 체류국의 범죄경력증명서 제출 (제3국은 신청일 기준 최근 5년 이내 1년 이상 연속 거주한 경우에 한함). 6개월 이내 발급 유효,,,,,,발급일로부터 6개월 이내(발급일 이후 6개월 이상 해외 체류한 사실이 없는 경우 유효한 것으로 인정),,"제출 면제 기준(개별 사안에 따라 징구 필요성이 인정되는 경우 제출 요구 가능):
- 신청일 기준 만 14세 미만인 사람
- 대한민국 출생 또는 만 14세 미만에 입국하여 만 14세 이후 해외에서 6개월 이상 연속 체류하지 않은 사람
- 사증 발급 시 해외 범죄경력증명서를 제출하고 사증 발급일로부터 3개월 이내 국내에서 체류자격변경을 신청하는 사람
- 재외공관 사증발급 또는 국내 자격변경 시 범죄경력증명서를 제출한 사람으로서 국내 체류허가 기간 중 해외에서 6개월 이상 체류하지 않은 사람
- 신청일까지 국내에서 10년 이상 계속하여 합법 체류한 사람(6개월 이상 연속 해외 체류 사실 없을 것)
- 해당 국가의 발급 제한 연령(예: 만 18세 미만 캐나다인) 또는 거주요건 미충족으로 발급이 어려운 사람(신청인이 발급기준 등 소명 필요)
- 천재지변, 전쟁 등으로 발급 불가능하거나 그에 준하는 사정이 있다고 재외공관의 장 또는 출입국·외국인청장 등이 인정하는 사람",,,,,,"[필수서류]
발급 대상 국가에 소재하는 권한 있는 기관이 발급한 공적 문서로서 해당 국가에서의 모든 범죄경력이 포함되어야 함
- 아포스티유 협약 가입국가: 발급 국가의 아포스티유 확인
- 아포스티유 협약 미가입국가: 발급 국가 주재 대한민국 공관의 영사 확인
범죄경력증명서 원본과 공증된 번역본 제출(번역자 인적사항 및 연락처 기재, 신분증 사본 첨부)","해외 범죄경력증명서는 언제 내야 해요?
해외 살았는데 범죄경력 어디서 발급받아 한국에 제출해요?
범죄경력증명서 유효기간 얼마나 되나요?",해외범죄경력증명서 제출기준 (p. 458~460),점수제 80점·고소득·재외동포·난민 등 트랙별,F-5 영주,n/a 또는 공란,"거주, 장기거주, 점수제"
"특별귀화 (체류자격 아님, 국적 취득)",F-5,사증,국적 취득(특별귀화),국적법 시행령 제6조제2항에 해당하는 우수인재로서 우수인재 평가기준 및 추천 등에 관한 고시(2024.4.12.)에 따라 특별귀화를 신청하는 사람,"1. 저명인사: 전직 국가원수, 정부 수반, 각료급 이상, 국제기구 대표; 노벨상·퓰리처상·괴테상·공쿠르상·맨부커상·필즈상·튜링상·올림픽 동메달 이상 수상자 등 (소득요건 없음)
2. 학술분야 연구실적 우수자: 국내·외 4년제 대학 부교수 이상 1년 이상 재직, 최근 5년 이내 SCI/SSCI/A&HCI 등에 1편 이상 또는 KCI에 2편 이상 또는 권위 있는 학술대회에서 2회 이상 게재/발표 등 (소득요건 없음). 또는 패스트트랙 특례: 우수인재 패스트트랙 F-2(거주) → F-5(영주) 후 SCI/SSCI/A&HCI 3편 이상 또는 KCI 5편 이상 또는 국내·외 특허 등록 2편 이상 (소득요건 없음)
3. 문화·예술 분야 우수능력자: 국내·외 공신력 있는 단체 수상, 저명 협회 회원, 전문출판물 기사 게재, 국제 전시회 심사위원, 국제 권위 전시회 작품 전시·공연 등 2개 이상 충족 (일반외국인 GNI 2배, 외국국적동포 GNI 1.5배 또는 상업적 성공 입증서류)
4. 스포츠 분야 우수능력자: 국제 권위 체육행사 출전, 최근 3년 이내 개인전 3위·단체전 8강 입상, PGA/LPGA 20위 이내 등 2개 이상 충족 (일반외국인 GNI 2배, 외국국적동포 GNI 1.5배. 대한장애인체육회 회장 추천 우수인재(장애인)는 동포 기준 적용)
5. 국내·외 기업 근무자, 외투기업 근무자: 세계 300대 기업 3년 이상 근무 후 대기업 사내이사, 중견기업 사내이사, 상시근로자 100인 이상·자본금 80억 원 초과 국내 기업 사내이사 3년 이상, 3년간 대외수출 평균 500만 달러 이상 개인사업자/법인 대표, 외국인투자기업(50만 달러 이상) 대표이사 3년 이상 거주·납세 3억 원·국민 30명 이상 고용 등 (일반외국인 GNI 2배, 외국국적동포 GNI 1.5배)
6. 신산업분야·첨단기술 분야 근무자: 시스템반도체·바이오헬스·미래차·인공지능 등 신산업 분야 또는 신소재·IT·e-business·BT·NT·수송기계·환경에너지·디지털가전·융복합산업·소프트웨어 등 첨단기술 분야 2년 이상 경력 후 국내 기업·연구기관 고용 (외국국적동포는 1년 이상. 일반외국인 GNI 2배, 외국국적동포 GNI 1.5배)
7. 신산업분야·첨단기술·과학 등 분야 원천기술 보유자: 세계수준의 원천기술 보유 (소득요건 없음)
8. 국내·외 지식재산권 보유자: 특허권·실용신안권·디자인권 보유 및 총 소득 1억 원 이상 (소득요건 없음)
9. 전문분야 특별한 지식·기술 보유자: 의사·변호사·회계사·기술사 등 전문자격 소지자로서 국내 3년 이상 체류·근무 (일반외국인 GNI 2배, 외국국적동포 GNI 1.5배)
10. 국제기구 등 근무경력자: UN·WHO·OECD·IAEA·UNESCO 등 국제기구에서 10년 이상 근무 (소득요건 없음)","[표]
우수인재 특별귀화 평가기준 10개 분야(저명인사, 학술, 문화예술, 스포츠, 기업근무, 신산업·첨단기술, 원천기술, 지식재산권, 전문자격, 국제기구)",,,,,,,,,,,,,,"노벨상 받은 사람도 한국 우수인재 영주권 받을 수 있어요?
세계 300대 기업에서 일했으면 우수인재로 인정받나요?
국제기구에서 오래 근무하면 어떤 자격으로 영주권 받을 수 있어요?",우수인재 특별귀화 평가기준 (국적법 시행령 제6조제2항) (p. 455),D-7~E-7 또는 F-2 5년+ 체류 + 소득·재산 요건,국적취득,본인 국적 취득 (동반가족 무관),"영주, 정착, 영주권"
